9.500446055452695668e-04	1.440983398697522203e-08
1.108385402640311643e-03	1.440801593897644191e-08
1.266726140832586832e-03	1.440645783128835361e-08
1.425066996830395578e-03	1.440490127075586217e-08
1.583407735022670767e-03	1.440282482700607924e-08
1.741748472898264379e-03	1.440152666222458729e-08
1.900089211090539134e-03	1.439996855453650561e-08
2.058429949282814322e-03	1.439841044944431522e-08
2.216770805280623285e-03	1.439659394600523073e-08
2.375111661278432248e-03	1.439425755934884815e-08
2.533452281348492086e-03	1.439114289112826841e-08
2.691793137346301049e-03	1.438776828259699353e-08
2.850133993660791155e-03	1.438361539250152647e-08
3.008474613730850993e-03	1.437868267628216826e-08
3.166815470045341533e-03	1.437323162400110714e-08
3.325156089165356640e-03	1.436700074300026029e-08
3.483496945796528757e-03	1.435999312759080818e-08
3.641837802427700440e-03	1.435272402471506904e-08
3.800178421547715547e-03	1.434467664287102899e-08
3.958519278178887664e-03	1.433636931552449965e-08
4.116859897298902338e-03	1.432780359502286211e-08
4.275200991441231897e-03	1.431897638445903963e-08
4.433541610561246571e-03	1.431041066395740209e-08
4.591882229681262112e-03	1.430236327951746414e-08
4.750223323823589937e-03	1.429483423373512865e-08
4.908563942943605478e-03	1.428808501667257890e-08
5.066904562063621019e-03	1.428289390470221623e-08
5.225245656205949711e-03	1.428003917938823284e-08
5.383586275325964385e-03	1.427951929617094135e-08
5.541926894445979059e-03	1.428211407598242884e-08
5.700267988588308618e-03	1.428912478570306308e-08
5.858608607708323292e-03	1.429976694995448686e-08
6.016949226828338833e-03	1.431689994070925009e-08
6.175289845948354374e-03	1.434078214852656472e-08
6.333630940090683066e-03	1.437141357340642746e-08
6.491971559210698607e-03	1.441165049041430982e-08
6.650312178330713281e-03	1.446045312792382973e-08
6.808653272473041973e-03	1.452171598027945310e-08
6.966993891593057514e-03	1.459362254663798840e-08
7.125334510713073055e-03	1.468084559771630288e-08
7.283675604855400880e-03	1.478078725939172363e-08
7.442016223975415554e-03	1.489656374704042062e-08
7.600356843095431095e-03	1.503232949272165700e-08
7.758697937237759787e-03	1.518393006437617129e-08
7.917038556357775328e-03	1.535500001084593348e-08
8.075379175477790869e-03	1.554709589525933459e-08
8.233719797764622178e-03	1.576099908829995642e-08
8.392060416884635984e-03	1.599826460594059645e-08
8.550401979715648026e-03	1.626019060777095080e-08
8.708742602002479335e-03	1.654106610379515949e-08
8.867083221122493142e-03	1.685439107529390893e-08
9.025423840242508683e-03	1.718770530742109899e-08
9.183764462529339992e-03	1.755632219058532009e-08
9.342105081649355533e-03	1.794570661594217565e-08
9.500446644480364106e-03	1.836364756958470291e-08
9.658787266767195415e-03	1.881144012198320010e-08
9.817127885887210956e-03	1.928908427573357175e-08
9.975468505007226497e-03	1.979762134442599106e-08
1.013380912412724204e-02	2.032458956605876765e-08
1.029214974641407335e-02	2.089516621891951605e-08
1.045049130924508365e-02	2.148313735000131801e-08
1.060883192836509920e-02	2.211731633878115404e-08
1.076717255065192877e-02	2.276758854409347332e-08
1.092551316977194431e-02	2.343162067878487284e-08
1.108385378889195812e-02	2.414289734329770893e-08
1.124219441117878943e-02	2.488532222419241336e-08
1.140053597400980147e-02	2.563839236364972702e-08
1.155887659312981701e-02	2.644182324830464391e-08
1.171721721541664658e-02	2.725434128902587919e-08
1.187555783453666212e-02	2.809540967200631649e-08
1.203389845365667767e-02	2.893907745809372172e-08
1.219223907594350897e-02	2.983466256808251853e-08
1.235057969506352278e-02	3.073284401801789084e-08
1.250892125789453656e-02	3.168294273993666360e-08
1.266726188018136613e-02	3.263044514786785973e-08
1.282560249930137994e-02	3.360390776230944399e-08
1.298394311842139721e-02	3.460332749414202509e-08
1.314228374070822679e-02	3.559236807038607899e-08
1.330062435982824233e-02	3.663591610628033838e-08
1.345896592265925090e-02	3.766908810166443427e-08
1.361730654494608395e-02	3.872042513143942131e-08
1.377564716406609949e-02	3.979252968783164546e-08
1.393398778318611503e-02	4.088540488591949027e-08
1.409232840230613057e-02	4.195750944231171441e-08
1.425066902459296188e-02	4.308412763659292001e-08
1.440901058742397045e-02	4.418738505342969103e-08
1.456735120654398599e-02	4.530621734294954704e-08
1.472569182883081557e-02	4.644062762023086495e-08
1.488403244795083111e-02	4.759060659195649187e-08
1.504237306707084665e-02	4.875097707574819129e-08
1.520071368935767796e-02	4.988019160997596578e-08
1.535905525218869000e-02	5.106651918519968301e-08
1.551739587130870554e-02	5.221650433516408589e-08
1.567573649359553511e-02	5.337686861475803032e-08
1.583407711271555066e-02	5.454761822817926468e-08
1.599241773183556620e-02	5.572615992460063120e-08
1.615075835412239577e-02	5.691248132158558570e-08
1.630909897324241478e-02	5.805467438854986304e-08
1.646743959236242685e-02	5.925657995153503556e-08
1.662578021464925990e-02	6.041175157719482124e-08
1.678412083376927197e-02	6.157212206098651404e-08
1.694246334031127704e-02	6.273507956544867028e-08
1.710080396259811009e-02	6.390323595400171268e-08
1.725914458171812563e-02	6.507398554146398785e-08
1.741748520083814117e-02	6.624992780881937434e-08
1.757582582312497074e-02	6.742846950524073424e-08
1.773416644224498628e-02	6.854989813470715914e-08
1.789250706136500182e-02	6.967391998904179584e-08
1.805084768048501737e-02	7.085764816115854515e-08
1.820918830277184694e-02	7.198426944455912880e-08
1.836752892189186248e-02	7.310829750309151387e-08
1.852586954101187802e-02	7.423231935742613734e-08
1.868421016329871107e-02	7.535894064082673422e-08
1.884255266984071614e-02	7.648296252112033672e-08
1.900089328896072821e-02	7.754208542969768108e-08
1.915923391124756126e-02	7.866352023740288855e-08
1.931757453036757333e-02	7.972004374287325177e-08
1.947591514948759234e-02	8.083628589664430048e-08
1.963425577177442191e-02	8.188762292641928752e-08
1.979259639089443745e-02	8.293636670536708372e-08
1.995093701001445299e-02	8.398251105524891974e-08
2.010927763230128257e-02	8.502346895539435861e-08
2.026761825142130158e-02	8.606182742647385053e-08
2.042595887054131365e-02	8.709499321766019144e-08
2.058429949282814669e-02	8.812556580993731280e-08
2.074264011194815877e-02	8.915094572232129638e-08
2.090098261849016731e-02	9.017373240983708138e-08
2.105932324077699688e-02	9.112383422087524543e-08
2.121766385989701242e-02	9.213623560052272616e-08
2.137600447901702796e-02	9.307853915032200193e-08
2.153434510130385754e-02	9.408055519614217289e-08
2.169268572042387308e-02	9.501248582050966210e-08
2.185102633954388862e-02	9.593663056607480722e-08
2.200936695866390416e-02	9.692566184900172146e-08
2.216770758095073374e-02	9.783942126073955681e-08
2.232604820007074928e-02	9.874798184030446406e-08
2.248438881919076482e-02	9.965135591821500286e-08
2.264272944147759786e-02	1.005495435463891445e-07
2.280107194801960294e-02	1.014399329133243847e-07
2.295941256713961848e-02	1.023251357786052696e-07
2.311775318942644805e-02	1.032051460159109748e-07
2.327609380854646359e-02	1.040773703484553437e-07
2.343443442766647913e-02	1.048769036522423145e-07
2.359277504995330871e-02	1.057361370436546308e-07
2.375111566907332425e-02	1.065927957708740621e-07
2.390945628819333979e-02	1.073715584329654321e-07
2.406779691048016936e-02	1.082152324232505725e-07
2.422613752960018838e-02	1.089810103484076516e-07
2.438447814872020045e-02	1.098116996017585407e-07
2.454281877100703349e-02	1.105645051464589205e-07
2.470115939012704556e-02	1.113822220453120762e-07
2.485950189666905411e-02	1.121246422821440987e-07
2.501784251895588368e-02	1.128592889966513159e-07
2.517618313807590269e-02	1.135861374499196580e-07
2.533452375719591823e-02	1.143804842780112262e-07
2.549286437948274434e-02	1.150943603767818216e-07
2.565120499860275988e-02	1.158056370205274778e-07
2.580954561772277542e-02	1.165065283823637822e-07
2.596788623684279443e-02	1.172048202891751607e-07
2.612622685912962053e-02	1.178953386996206996e-07
2.628456747824963607e-02	1.185780588488273635e-07
2.644290809736965162e-02	1.192555801399020805e-07
2.660124871965648466e-02	1.199279273377179787e-07
2.675959122619849320e-02	1.205924638658994787e-07
2.691793184531850180e-02	1.212518263267811125e-07
2.707627246760533485e-02	1.219034028829013835e-07
2.723461308672535039e-02	1.225523676534781423e-07
2.739295370584536593e-02	1.231909718551007063e-07
2.755129432813219897e-02	1.237542793947020710e-07
2.770963494725221452e-02	1.243824859060197864e-07
2.786797556637223006e-02	1.250055059156830938e-07
2.802631618865905963e-02	1.256233271191324653e-07
2.818465680777907517e-02	1.261606775673018849e-07
2.834299742689909071e-02	1.267655263643355119e-07
2.850133804918592376e-02	1.273651639727187251e-07
2.865967866830593236e-02	1.278869426373244114e-07
2.881802117484794090e-02	1.284736202476874032e-07
2.897636179713477395e-02	1.289824141493998593e-07
2.913470241625478949e-02	1.295587064518945072e-07
2.929304303537480503e-02	1.301272004671913142e-07
2.945138365766163113e-02	1.306204225853400633e-07
2.960972427678165014e-02	1.311785436752050838e-07
2.976806489590166221e-02	1.316613804854855154e-07
2.992640551502168469e-02	1.322065291948937837e-07
3.008474613730851080e-02	1.326789806973058978e-07
3.024308675642852634e-02	1.331436462949566756e-07
3.040142737554854188e-02	1.336731984559282015e-07
3.055976799783537146e-02	1.341274911281471926e-07
3.071811050437738000e-02	1.346466703636869055e-07
3.087645112349738860e-02	1.350905653196420825e-07
3.103479174578422164e-02	1.355318732549267827e-07
3.119313236490423719e-02	1.360328688954003373e-07
3.135147298402425620e-02	1.364612044502283382e-07
3.150981360631108230e-02	1.368869281935538348e-07
3.166815422543110131e-02	1.373723644329002134e-07
3.182649483821748532e-02	1.377877028683573660e-07
3.198483545100386932e-02	1.381952553990532088e-07
3.214317609545840754e-02	1.386677069014653229e-07
3.230151670824479154e-02	1.390648865067294055e-07
3.245985732103117555e-02	1.394594666829274883e-07
3.261819793381755955e-02	1.398488480009936772e-07
3.277653857827210471e-02	1.403005288617101640e-07
3.293487919105848871e-02	1.406795372543445663e-07
3.309321980384486578e-02	1.410533468148060405e-07
3.325156041663125672e-02	1.414245569202425491e-07
3.340990106108579494e-02	1.417879811468767135e-07
3.356824167387217200e-02	1.422163167017046880e-07
3.372658605516891395e-02	1.425719426670999774e-07
3.388492666795529795e-02	1.429249939423433895e-07
3.404326731240982923e-02	1.432728340029773425e-07
3.420160792519622017e-02	1.436154999703524107e-07
3.435994853798260418e-02	1.440204530979412723e-07
3.451828915076898818e-02	1.443527337574480229e-07
3.467662979522352640e-02	1.446824149619298607e-07
3.483497040800991734e-02	1.450094967633047174e-07
3.499331102079630135e-02	1.453313797325066196e-07
3.515165163358267841e-02	1.456480885824906975e-07
3.530999227803721663e-02	1.460244975720181451e-07
3.546833289082360757e-02	1.463333957783267906e-07
3.562667350360999158e-02	1.466397193204425509e-07
3.578501411639636864e-02	1.469408440303853832e-07
3.594335472918275959e-02	1.472367822386738603e-07
3.610169537363729780e-02	1.475301086873778440e-07
3.626003598642367487e-02	1.478182610168639505e-07
3.641837659921005887e-02	1.481661010774978507e-07
3.657671721199644982e-02	1.484490545488520633e-07
3.673505785645098803e-02	1.487242345238404363e-07
3.689339846923737204e-02	1.489993897339556945e-07
3.705173908202375604e-02	1.492667714477052189e-07
3.721007969481014699e-02	1.495341407530591672e-07
3.736842033926467826e-02	1.497963359911132493e-07
3.752676095205106227e-02	1.500559318001013844e-07
3.768510533334780421e-02	1.503726159111713927e-07
3.784344594613418128e-02	1.506244134329616606e-07
3.800178659058871949e-02	1.508710368874520622e-07
3.816012720337511044e-02	1.511150361480034285e-07
3.831846781616148750e-02	1.513564731267984408e-07
3.847680842894787151e-02	1.515952859116544441e-07
3.863514907340241666e-02	1.518289122467740239e-07
3.879348968618880067e-02	1.520599515093051954e-07
3.895183029897518467e-02	1.523481038387913019e-07
3.911017091176156868e-02	1.525713572225201294e-07
3.926851155621610689e-02	1.527919988207054447e-07
3.942685216900249090e-02	1.530100409638658208e-07
3.958519278178887491e-02	1.532229214221628616e-07
3.974353339457525891e-02	1.534331900429984323e-07
3.990187400736164985e-02	1.537031588033773198e-07
4.006021465181618113e-02	1.539082285920399624e-07
4.021855526460256514e-02	1.541081242874437466e-07
4.037689587738894914e-02	1.543080076263699656e-07
4.053523649017533315e-02	1.545026921071642907e-07
4.069357713462987830e-02	1.546947895153702075e-07
4.085191774741626231e-02	1.549440000164900251e-07
4.101025836020264631e-02	1.551283115458935714e-07
4.116859897298903032e-02	1.553126230752971177e-07
4.132693961744356853e-02	1.554943228191571519e-07
4.148528023022995254e-02	1.556708608521948850e-07
4.164362461152668754e-02	1.559044747789189680e-07
4.180196522431307155e-02	1.560758139538247543e-07
4.196030586876760976e-02	1.562445413431870814e-07
4.211864648155399377e-02	1.564106692775244164e-07
4.227698709434037777e-02	1.566339226612532438e-07
4.243532770712676178e-02	1.567948641458542082e-07
4.259366835158129999e-02	1.569532185838257565e-07
4.275200896436769094e-02	1.571063865461018889e-07
4.291034957715407494e-02	1.573166551669374596e-07
4.306869018994045895e-02	1.574672113436701064e-07
4.322703083439499022e-02	1.576151680653778140e-07
4.338537144718138117e-02	1.578176631898475451e-07
4.354371205996776517e-02	1.579604210793823246e-07
4.370205267275414918e-02	1.580980172580947501e-07
4.386039328554053318e-02	1.582927141213256061e-07
4.401873392999507140e-02	1.584276984885355802e-07
4.417707454278145540e-02	1.585600834266795809e-07
4.433541515556783247e-02	1.587469944111080664e-07
4.449375576835422341e-02	1.588741804911201467e-07
4.465209641280876857e-02	1.589987919328983342e-07
4.481043702559514563e-02	1.591753052010629790e-07
4.496877763838152964e-02	1.592973295962117240e-07
4.512711825116792058e-02	1.594141303683555133e-07
4.528545889562245880e-02	1.595854571608247951e-07
4.544379950840883586e-02	1.596996832687756464e-07
4.560214388970557781e-02	1.598658112290720001e-07
4.576048450249196181e-02	1.599748508613274885e-07
4.591882514694649309e-02	1.601357923459284528e-07
4.607716575973288403e-02	1.602396331460110130e-07
4.623550637251926804e-02	1.603953757724800570e-07
4.639384698530564510e-02	1.604966295259332012e-07
4.655218762976019026e-02	1.606471980591433867e-07
4.671052824254658120e-02	1.607432405979870455e-07
4.686886885533295827e-02	1.608912097021312840e-07
4.702720946811934227e-02	1.609820657652795798e-07
4.718555011257388049e-02	1.611248236548143593e-07
4.734389072536027143e-02	1.612130926713332126e-07
4.750223133814664850e-02	1.613506640851726027e-07
4.766057195093303250e-02	1.614337466259960666e-07
4.781891256371942345e-02	1.615687309932060407e-07
4.797725320817395472e-02	1.616466147018565765e-07
4.813559382096033873e-02	1.617764125933711612e-07
4.829393443374672273e-02	1.619035986993422338e-07
4.845227504653311368e-02	1.619788829529678304e-07
4.861061569098765189e-02	1.621008825832435136e-07
4.876895630377403590e-02	1.622228945959557277e-07
4.892729691656041990e-02	1.622903805883424493e-07
4.908563752934680391e-02	1.624072061513182662e-07
4.924397817380134212e-02	1.625240193058985864e-07
4.940231878658772613e-02	1.625863312050264231e-07
4.956066316788446113e-02	1.626979455274338152e-07
4.971900378067084514e-02	1.628069851596893035e-07
4.987734442512538335e-02	1.628640858442077076e-07
5.003568503791176736e-02	1.629705136909196839e-07
5.019402565069815136e-02	1.630743544910022441e-07
5.035236626348453537e-02	1.631755834795823265e-07
5.051070690793908052e-02	1.632768372330354442e-07
5.066904752072546453e-02	1.633235649661630695e-07
5.082738813351184853e-02	1.634196075050067547e-07
5.098572874629823254e-02	1.635156500178914476e-07
5.114406939075277075e-02	1.636091055101056904e-07
5.130241000353915476e-02	1.636999615732539862e-07
5.146075061632553876e-02	1.637882305638138472e-07
5.161909122911192277e-02	1.638271724181391284e-07
5.177743184189830677e-02	1.639128296231555038e-07
5.193577248635284499e-02	1.639958874250648981e-07
5.209411309913923593e-02	1.640789699658883620e-07
5.225245371192561300e-02	1.641594406952093480e-07
5.241079432471199701e-02	1.642373243779009181e-07
5.256913496916654216e-02	1.643151833216784185e-07
5.272747558195291923e-02	1.643904676012630073e-07
5.288581619473930323e-02	1.644657518548886039e-07
5.304415680752569417e-02	1.645358372763412725e-07
5.320249745198023933e-02	1.646085345092964189e-07
5.336083806476661640e-02	1.646760081192466095e-07
5.351918244606335140e-02	1.647435188765063929e-07
5.367752305884972847e-02	1.648110048688931145e-07
5.383586370330426668e-02	1.648733167939799434e-07
5.399420431609065762e-02	1.649382157397372490e-07
5.415254492887704857e-02	1.649979158273626077e-07
5.431088554166342564e-02	1.651043436740746105e-07
5.446922618611796385e-02	1.651614691234660499e-07
5.462756679890435479e-02	1.652185698079844540e-07
5.478590741169073186e-02	1.652756704665438658e-07
5.494424802447711587e-02	1.653275970578034114e-07
5.510258866893166102e-02	1.653795112666264260e-07
5.526092928171805196e-02	1.654781532345360582e-07
5.541926989450442903e-02	1.655274803967296569e-07
5.557761050729080610e-02	1.655741957474207511e-07
5.573595112007719010e-02	1.656209234805483764e-07
5.589429176453173526e-02	1.657117919261332031e-07
5.605263237731811926e-02	1.657533208270879003e-07
5.621097299010449633e-02	1.657974491311495786e-07
5.636931360289088727e-02	1.658389780321042757e-07
5.652765424734542549e-02	1.659220605729277396e-07
5.668599486013180255e-02	1.659609900448164898e-07
5.684433547291819350e-02	1.659973448265533627e-07
5.700267608570458444e-02	1.660778155818333145e-07
5.716101673015912266e-02	1.661115585780266753e-07
5.731935734294549972e-02	1.661894298782817144e-07
5.747770172424224167e-02	1.662205734713680940e-07
5.763604233702861873e-02	1.662491299918660654e-07
5.779438298148315695e-02	1.663218272248212383e-07
5.795272359426954789e-02	1.663503713628826787e-07
5.811106420705593190e-02	1.664204567843353472e-07
5.826940481984230896e-02	1.664464386406404335e-07
5.842774546429685412e-02	1.665139122765495899e-07
5.858608607708323812e-02	1.665372823213521719e-07
5.874442668986961519e-02	1.665995818640024963e-07
5.890276730265600613e-02	1.666203401232615927e-07
5.906110794711055129e-02	1.666826520223894293e-07
5.921944855989693529e-02	1.667423644924513455e-07
5.937778917268331236e-02	1.667605233226444684e-07
5.953612978546968942e-02	1.668176487720359343e-07
5.969447039825608037e-02	1.668332205555996413e-07
5.985281104271061858e-02	1.668877341934886028e-07
6.001115165549700953e-02	1.669422478313775644e-07
6.016949226828338659e-02	1.669526331392458819e-07
6.032783288106977754e-02	1.670045349656323657e-07
6.048617352552431575e-02	1.670538621278259643e-07
6.064451413831069282e-02	1.671031892900195630e-07
6.080285475109708376e-02	1.671109628123443684e-07
6.096119536388346777e-02	1.671577029279085246e-07
6.111953600833801292e-02	1.672018436403657261e-07
6.127787662112438999e-02	1.672459595619908469e-07
6.143622100242112499e-02	1.672485589910568203e-07
6.159456161520750206e-02	1.672926872951184722e-07
6.175290225966204721e-02	1.673316291494437533e-07
6.191124287244843122e-02	1.673731580503984505e-07
6.206958348523482216e-02	1.674095004756577847e-07
6.222792409802119923e-02	1.674484423040240471e-07
6.238626474247573744e-02	1.674847847292833813e-07
6.254460535526212839e-02	1.675185277254767421e-07
6.270294596804851239e-02	1.675522831041066338e-07
6.286128658083489640e-02	1.675470966543702102e-07
6.301962722528943461e-02	1.675782402214976240e-07
6.317796783807581862e-02	1.676093837886250114e-07
6.333630845086220262e-02	1.676379403091229828e-07
6.349465283215893763e-02	1.676665092380164773e-07
6.365298967643497063e-02	1.676950533760779178e-07
6.381133408939985985e-02	1.677209981110324035e-07
6.396967093367587898e-02	1.677858970567896826e-07
6.412801531497262786e-02	1.678092671275512568e-07
6.428635215924866086e-02	1.678326371723538388e-07
6.444469657221355008e-02	1.678559948606788821e-07
6.460303341648958309e-02	1.678767778588520480e-07
6.476137779778631809e-02	1.678975361181111179e-07
6.491971464206235110e-02	1.679156949483042673e-07
6.507805905502724031e-02	1.679338785433704521e-07
6.523639589930325944e-02	1.679883921812594137e-07
6.539474028060002220e-02	1.680065633938890676e-07
6.555307712487605520e-02	1.680195357483868275e-07
6.571142153784094442e-02	1.680351075579095003e-07
6.586975838211697742e-02	1.680870341232100536e-07
6.602810276341371243e-02	1.680974194570373634e-07
6.618643960768973156e-02	1.681103918115350969e-07
6.634478402065463465e-02	1.681207771453624066e-07
6.650312086493065378e-02	1.681675048784900319e-07
6.666146524622740266e-02	1.681752907572924024e-07
6.681980209050343567e-02	1.681830890444902697e-07
6.697814650346832488e-02	1.682272173485519480e-07
6.713648334774434401e-02	1.682324038242473110e-07
6.729482772904109289e-02	1.682739327252020346e-07
6.745317211033782789e-02	1.682791315573749627e-07
6.761150895461384702e-02	1.682817309864409096e-07
6.776985336757875011e-02	1.683206604583296598e-07
6.792819021185476924e-02	1.683232598873956068e-07
6.808653459315151812e-02	1.683596023126549145e-07
6.824487143742755113e-02	1.683596023126549145e-07
6.840321585039244034e-02	1.683933453088482753e-07
6.856155269466847335e-02	1.683907458797823283e-07
6.871989707596520836e-02	1.684245012584122201e-07
6.887823392024122748e-02	1.684219142117827776e-07
6.903657833320613058e-02	1.684530577789101914e-07
6.919491517748214970e-02	1.684816143253671551e-07
6.935325955877891246e-02	1.684764278496717657e-07
6.951159640305494547e-02	1.685049719877332061e-07
6.966994081601983468e-02	1.684971861089308355e-07
6.982827766029585381e-02	1.685231432003628600e-07
6.998662204159260269e-02	1.685491003177538502e-07
7.014495888586862182e-02	1.685387149839265669e-07
7.030330329883351104e-02	1.685646721013175571e-07
7.046164014310954404e-02	1.685854427430131844e-07
7.061998452440629293e-02	1.686088127878157663e-07
7.077832136868232593e-02	1.685958280508815019e-07
7.093666578164721515e-02	1.686165986925771027e-07
7.109500262592323427e-02	1.686347699052067566e-07
7.125334700721998316e-02	1.686555281644658529e-07
7.141169138851671816e-02	1.686373693083137377e-07
7.157002823279273729e-02	1.686555281644658529e-07
7.172837264575762650e-02	1.686710999480295598e-07
7.188670949003365951e-02	1.686866964964663022e-07
7.204505387133040839e-02	1.687022682800300091e-07
7.220339071560644140e-02	1.687152406345277426e-07
7.236173512857133061e-02	1.687282253714620335e-07
7.252007197284734974e-02	1.687411853694822283e-07
7.267841635414409862e-02	1.687515954422236077e-07
7.283675319842011775e-02	1.687282253714620335e-07
7.299509761138500696e-02	1.687386107052893168e-07
7.315343445566103997e-02	1.687489836307211034e-07
7.331177883695780273e-02	1.687567819179189707e-07
7.347011568123382186e-02	1.687645554142848103e-07
7.362846009419872495e-02	1.687697542724167307e-07
7.378679693847474408e-02	1.688086961267419853e-07
7.394514131977147908e-02	1.688138825764783825e-07
7.410347816404751209e-02	1.688190814346103028e-07
7.426182257701240130e-02	1.688242679103056923e-07
7.442015942128843431e-02	1.688268673393716657e-07
7.457850380258518319e-02	1.688294543860010817e-07
7.473684064686120232e-02	1.688294543860010817e-07
7.489518505982610541e-02	1.688320661715445938e-07
7.505352190410212454e-02	1.688320661715445938e-07
7.521186628539885954e-02	1.688632097386719811e-07
7.537021066669560843e-02	1.688606103355650000e-07
7.552854751097162755e-02	1.688580232889355840e-07
7.568689192393651677e-02	1.688554114774331061e-07
7.584522876821254977e-02	1.688839679979310775e-07
7.600357314950929866e-02	1.688813685948240963e-07
7.616190999378531779e-02	1.688761821191287069e-07
7.632025440675022088e-02	1.688709832609967865e-07
7.647859125102624001e-02	1.688969651173018729e-07
7.663693563232297501e-02	1.688891668560629714e-07
7.679527247659900802e-02	1.688813685948240963e-07
7.695361688956389723e-02	1.689047386396266783e-07
7.711195373383993024e-02	1.688969651173018729e-07
7.727029811513669300e-02	1.689177233765609427e-07
7.742863495941271212e-02	1.689073380686926517e-07
7.758697937237760134e-02	1.688969651173018729e-07
7.774531621665363434e-02	1.689151239474949958e-07
7.790366059795036935e-02	1.689047386396266783e-07
7.806199744222640236e-02	1.689229222346928631e-07
7.822034185519129157e-02	1.689073380686926517e-07
7.837867869946732458e-02	1.689254968988857746e-07
7.853702308076407346e-02	1.689099251153220677e-07
7.869535992504009259e-02	1.689254968988857746e-07
7.885370433800498180e-02	1.689099251153220677e-07
7.901204118228101481e-02	1.689229222346928631e-07
7.917038556357774981e-02	1.689073380686926517e-07
7.932872994487448481e-02	1.689177233765609427e-07
7.948706678915051782e-02	1.689306957570176950e-07
7.964541120211540703e-02	1.689125369268245456e-07
7.980374804639144004e-02	1.689229222346928631e-07
7.996209242768818892e-02	1.689021515929972623e-07
8.012042927196420805e-02	1.689125369268245456e-07
8.027877368492909727e-02	1.689203104231903852e-07
8.043711052920513027e-02	1.689281087103882525e-07
8.059545491050186528e-02	1.689047386396266783e-07
8.075379175477789828e-02	1.689125369268245456e-07
8.091213616774278750e-02	1.689177233765609427e-07
8.107047301201882050e-02	1.688943533317583608e-07
8.122881739331556938e-02	1.688969651173018729e-07
8.138715423759160239e-02	1.689021515929972623e-07
8.154549865055649160e-02	1.689047386396266783e-07
8.170383549483252461e-02	1.689073380686926517e-07
8.186217987612925961e-02	1.688813685948240963e-07
8.202051672040529262e-02	1.688839679979310775e-07
8.217886113337018184e-02	1.688839679979310775e-07
8.233719797764620096e-02	1.688839679979310775e-07
8.249554235894294985e-02	1.688839679979310775e-07
8.265387920321898285e-02	1.688839679979310775e-07
8.281222361618387207e-02	1.688813685948240963e-07
8.297056046045990507e-02	1.688787815481946803e-07
8.312890484175664008e-02	1.688761821191287069e-07
8.328724922305337508e-02	1.688735950724992909e-07
8.344558606732940809e-02	1.688683962143673705e-07
8.360393048029429730e-02	1.688657967853013971e-07
8.376226732457031643e-02	1.688606103355650000e-07
8.392061170586707919e-02	1.688554114774331061e-07
8.407894855014309832e-02	1.688476379551082742e-07
8.423729296310798753e-02	1.688424391229353461e-07
8.439562980738402054e-02	1.688346532181740098e-07
8.455397418868075554e-02	1.688268673393716657e-07
8.471231103295678855e-02	1.688190814346103028e-07
8.487065544592167776e-02	1.688086961267419853e-07
8.502899229019769689e-02	1.688008978395441180e-07
8.518733667149445965e-02	1.687905125316758005e-07
8.534567351577049266e-02	1.687801395802850482e-07
8.550401792873538187e-02	1.687957113638487286e-07
8.566235477301141488e-02	1.687853260559804111e-07
8.582069915430814988e-02	1.687723537014826776e-07
8.597903599858416901e-02	1.687593689645484131e-07
8.613738041154907210e-02	1.687463842016551564e-07
8.629571725582509123e-02	1.687593689645484131e-07
8.645406163712184011e-02	1.687463842016551564e-07
8.661239848139787312e-02	1.687308124180914495e-07
8.677074289436276233e-02	1.687152406345277426e-07
8.692907973863878146e-02	1.687256135859185214e-07
8.708742411993553034e-02	1.687100417763958222e-07
8.724576850123226535e-02	1.686944699928321418e-07
8.740410534550829835e-02	1.687022682800300091e-07
8.756244975847318757e-02	1.686866964964663022e-07
8.772078660274920670e-02	1.686685129014001174e-07
8.787913098404595558e-02	1.686762987802024879e-07
8.803746782832198858e-02	1.686555281644658529e-07
8.819581224128687780e-02	1.686633264257047279e-07
8.835414908556291080e-02	1.686425557840091271e-07
8.851249346685964581e-02	1.686477546421410475e-07
8.867083031113566494e-02	1.686269840004454202e-07
8.882917472410056803e-02	1.686062010022722542e-07
8.898751156837658716e-02	1.686088127878157663e-07
8.914585594967334992e-02	1.685854427430131844e-07
8.930419279394938292e-02	1.685906291927495815e-07
8.946253720691427214e-02	1.685672838868610692e-07
8.962087405119029127e-02	1.685672838868610692e-07
8.977921843248704015e-02	1.685698709334904852e-07
8.993755527676305928e-02	1.685439138420584872e-07
9.009589968972794849e-02	1.685439138420584872e-07
9.025423653400398150e-02	1.685205437712969130e-07
9.041258091530073038e-02	1.685179567246674705e-07
9.057091775957676338e-02	1.684919996332354726e-07
9.072926217254165260e-02	1.684894002041694992e-07
9.088759901681767173e-02	1.684894002041694992e-07
9.104594339811442061e-02	1.684608313012349969e-07
9.120428777941115561e-02	1.684582442546055809e-07
9.136262462368717474e-02	1.684530577789101914e-07
9.152096903665207783e-02	1.684504583498442180e-07
9.167930588092809696e-02	1.684193024002802997e-07
9.183765026222484584e-02	1.684141159505439026e-07
9.199598710650087885e-02	1.684089294748485132e-07
9.215433151946576806e-02	1.683777735252845948e-07
9.231266836374178719e-02	1.683725870495892054e-07
9.247101274503853607e-02	1.683647887623913381e-07
9.262934958931455520e-02	1.683570152660254985e-07
9.278769400227944442e-02	1.683492169788276312e-07
9.294603084655547742e-02	1.683154616001977395e-07
9.310437522785224018e-02	1.683076881038318998e-07
9.326271207212825931e-02	1.682998898166340325e-07
9.342105648509316240e-02	1.682895168912022460e-07
9.357939332936918153e-02	1.682791315573749627e-07
9.373773771066591654e-02	1.682687462495066452e-07
9.389607455494194954e-02	1.682583609416383277e-07
9.405441896790683876e-02	1.682453761787450710e-07
9.421275581218287176e-02	1.682324038242473110e-07
9.437110019347962064e-02	1.681960490165514723e-07
9.452943703775563977e-02	1.681830890444902697e-07
9.468778145072054286e-02	1.681700919251194743e-07
9.484611829499656199e-02	1.681571319270992530e-07
9.500446267629329700e-02	1.681441471901649886e-07
9.516280705759004588e-02	1.681285630241647507e-07
9.532114390186606501e-02	1.681129912406010703e-07
9.547948831483095422e-02	1.681233765484693878e-07
9.563782515910698723e-02	1.681078047649056809e-07
9.579616954040373611e-02	1.680896211698394961e-07
9.595450638467976912e-02	1.680740493862757891e-07
9.611285079764465833e-02	1.680558781736461353e-07
9.627118764192067746e-02	1.680403063900824283e-07
9.642953202321741246e-02	1.680221475598893054e-07
9.658786886749344547e-02	1.680039639648231206e-07
9.674621328045833468e-02	1.679832057055640243e-07
9.690455012473436769e-02	1.679650221364568317e-07
9.706289450603113045e-02	1.679702085861932289e-07
9.722123135030714958e-02	1.679494503269341326e-07
9.737957576327203879e-02	1.679286797111975240e-07
9.753791260754807180e-02	1.679079214519384277e-07
9.769625698884480680e-02	1.678871508102428269e-07
9.785459383312083981e-02	1.678897378568722429e-07
9.801293824608572902e-02	1.678663925509837305e-07
9.817127509036176203e-02	1.678456095528105646e-07
9.832961947165851091e-02	1.678222518644855213e-07
9.848795631593453004e-02	1.678222518644855213e-07
9.864630072889941925e-02	1.677988941761604780e-07
9.880463757317545226e-02	1.677755241313578961e-07
9.896298195447218726e-02	1.677729370847284801e-07
9.912132633576892227e-02	1.677495670139669058e-07
9.927966318004495527e-02	1.677236098965758891e-07
9.943800759300984449e-02	1.677209981110324035e-07
9.959634443728587749e-02	1.676976528051438912e-07
9.975468881858262638e-02	1.676924663294485018e-07
9.991302566285864550e-02	1.676665092380164773e-07
1.000713700758235347e-01	1.676405273557524252e-07
1.002297069200995677e-01	1.676353409060160281e-07
1.003880513013963027e-01	1.676067967419955954e-07
1.005463881456723357e-01	1.676016102663002060e-07
1.007047325586372249e-01	1.675756407924316506e-07
1.008630694029132580e-01	1.675678549136293065e-07
1.010214137842100068e-01	1.675392983671723429e-07
1.011797506284860398e-01	1.675315248448475375e-07
1.013380950414509291e-01	1.675029559419130351e-07
1.014964318857269621e-01	1.674951576806741336e-07
1.016547762670236971e-01	1.674640141135467463e-07
1.018131131112997301e-01	1.674562158263488790e-07
1.019714575242646193e-01	1.674250722592214651e-07
1.021297943685406384e-01	1.674172987368966597e-07
1.022881387498373873e-01	1.673835433582667680e-07
1.024464755941134203e-01	1.673757450970278929e-07
1.026048200070783095e-01	1.673627850990076981e-07
1.027631568513543425e-01	1.673316291494437533e-07
1.029215012326510775e-01	1.673212314591389049e-07
1.030798456139478125e-01	1.673082714611187100e-07
1.032381824582238455e-01	1.672745161084478106e-07
1.033965268711887348e-01	1.672641307746205008e-07
1.035548637154647539e-01	1.672511460376862363e-07
1.037132080967615166e-01	1.672148036124269286e-07
1.038715449410375496e-01	1.672018436403657261e-07
1.040298893540024250e-01	1.671888465209949042e-07
1.041882261982784719e-01	1.671732747114722315e-07
1.043465705795752069e-01	1.671395317152788707e-07
1.045049074238512260e-01	1.671239599317151638e-07
1.046632518368161291e-01	1.671083757657149259e-07
1.048215886810921343e-01	1.670928039821512455e-07
1.049799330623888971e-01	1.670564739393284422e-07
1.051382699066649162e-01	1.670408773908916999e-07
1.052966143196298193e-01	1.670227185606985769e-07
1.054549511639058385e-01	1.670071467771348700e-07
1.056132955452025735e-01	1.669889631820686852e-07
1.057716323894786065e-01	1.669707919694390313e-07
1.059299768024434957e-01	1.669318624975502811e-07
1.060883136467195287e-01	1.669136912849206273e-07
1.062466580280162637e-01	1.668955077158134083e-07
1.064049948722923106e-01	1.668773488596612931e-07
1.065633392852572137e-01	1.668591776729906315e-07
1.067216761295332328e-01	1.668384070312950042e-07
1.068800205108299678e-01	1.668176487720359343e-07
1.070383648921267028e-01	1.667968781303403071e-07
1.071967017364027219e-01	1.667786945352741222e-07
1.073550461493676250e-01	1.667579362760150524e-07
1.075133829936436580e-01	1.667345662312124439e-07
1.076717273749403930e-01	1.667138079719533741e-07
1.078300642192164399e-01	1.666930373302577468e-07
1.079884086321813152e-01	1.666696672854551648e-07
1.081467454764573483e-01	1.666463219795666525e-07
1.083050898577540971e-01	1.666255389554345208e-07
1.084634267020301024e-01	1.666021812671094775e-07
1.086217711149950055e-01	1.665788112223068690e-07
1.087801079592710246e-01	1.665554411515452948e-07
1.089384523405677874e-01	1.665294964425498278e-07
1.090967891848438065e-01	1.665061263717882536e-07
1.092551335978087096e-01	1.664827686834632103e-07
1.094134704420847287e-01	1.664775822337268132e-07
1.095718148233814637e-01	1.664516251163357965e-07
1.097301516676574967e-01	1.664256556424672676e-07
1.098884960806223859e-01	1.663996985250762509e-07
1.100468329248984189e-01	1.663737414336442529e-07
1.102051773061951540e-01	1.663477843162532362e-07
1.103635141504712008e-01	1.663399860550143612e-07
1.105218585634361039e-01	1.663140289376233710e-07
1.106801954077121092e-01	1.662854724171253731e-07
1.108385397890088581e-01	1.662595152997343829e-07
1.109968841703055931e-01	1.662309587792364115e-07
1.111552210145816122e-01	1.662231852569116061e-07
1.113135654275465153e-01	1.661946163539771038e-07
1.114719022718225483e-01	1.661660598334791324e-07
1.116302466531192833e-01	1.661375156694586997e-07
1.117885834973953302e-01	1.661271303615903822e-07
1.119469279103602055e-01	1.660959744120264639e-07
1.121052647546362385e-01	1.660674302480060312e-07
1.122636091359329874e-01	1.660570449401377137e-07
1.124219459802089927e-01	1.660258766081372380e-07
1.125802903931738957e-01	1.659947330410098506e-07
1.127386272374499149e-01	1.659843477071825408e-07
1.128969716187466776e-01	1.659532041400551535e-07
1.130553084630226968e-01	1.659402194031208890e-07
1.132136528759875999e-01	1.659090758359934752e-07
1.133719897202636051e-01	1.658753204573635834e-07
1.135303341015603540e-01	1.658623480769068577e-07
1.136886709458363870e-01	1.658311921273429393e-07
1.138470153588012623e-01	1.658156203437792324e-07
1.140053522030773092e-01	1.657844643942153141e-07
1.141636965843740442e-01	1.657688926106516072e-07
1.143220334286500772e-01	1.657351496144582464e-07
1.144803778416149803e-01	1.657014066182648856e-07
1.146387146858909994e-01	1.656858224522646477e-07
1.147970590671877344e-01	1.656520918125488521e-07
1.149554034484844833e-01	1.656365076465486142e-07
1.151137402927604886e-01	1.656027646503552535e-07
1.152720847057253917e-01	1.655845810812480609e-07
1.154304215500014386e-01	1.655690092717253617e-07
1.155887659312981736e-01	1.655326668464660540e-07
1.157471027755742066e-01	1.655144956597953924e-07
1.159054471885390958e-01	1.654781532345360582e-07
1.160637840328151288e-01	1.654625814250133855e-07
1.162221284141118638e-01	1.654262266432765126e-07
1.163804652583878829e-01	1.654054683840174427e-07
1.165388096713527860e-01	1.653873095538243198e-07
1.166971465156288051e-01	1.653509423636919237e-07
1.168554908969255679e-01	1.653301841044328539e-07
1.170138277412015732e-01	1.653120252742397309e-07
1.171721721541664762e-01	1.652730834199144498e-07
1.173305089984424954e-01	1.652548998508072573e-07
1.174888533797392304e-01	1.652341415915481609e-07
1.176471902240152773e-01	1.651951997372228798e-07
1.178055346369801526e-01	1.651744290955272790e-07
1.179638714812561995e-01	1.651536708362681826e-07
1.181222158625529345e-01	1.651147290079018938e-07
1.182805527068289675e-01	1.650913713195768505e-07
1.184388971197938706e-01	1.650705882954447187e-07
1.185972339640698897e-01	1.650472429895562064e-07
1.187555783453666247e-01	1.650083011611899175e-07
1.189139227266633597e-01	1.649849310904283433e-07
1.190722595709393788e-01	1.649615734280622923e-07
1.192306039839042819e-01	1.649382157397372490e-07
1.193889408281803288e-01	1.649148456689756748e-07
1.195472852094770638e-01	1.648733167939799434e-07
1.197056220537530968e-01	1.648499467232183692e-07
1.198639664667179860e-01	1.648265890348933259e-07
1.200223033109940191e-01	1.648006195610247970e-07
1.201806476922907541e-01	1.647772618726997537e-07
1.203389845365667732e-01	1.647513171637042603e-07
1.204973289495316763e-01	1.647279470929426860e-07
1.206556657938076954e-01	1.646838064064444768e-07
1.208140101751044582e-01	1.646578492890534866e-07
1.209723470193804634e-01	1.646319045540990273e-07
1.211306914323453665e-01	1.646059226977939410e-07
1.212890282766213856e-01	1.645799656063619165e-07
1.214473726579181206e-01	1.645540084889709263e-07
1.216057095021941675e-01	1.645280637799754328e-07
1.217640539151590429e-01	1.644994948510819647e-07
1.219223907594350759e-01	1.644735377596499403e-07
1.220807351407318248e-01	1.644449812391519689e-07
1.222390719850078578e-01	1.644164370751315362e-07
1.223974163979727608e-01	1.643904676012630073e-07
1.225557532422487800e-01	1.643619234372425746e-07
1.227140976235455150e-01	1.643333669167446033e-07
1.228724420048422500e-01	1.643048103962466319e-07
1.230307788491182691e-01	1.642762662322261992e-07
1.231891232620831722e-01	1.642476973292916969e-07
1.233474601063592052e-01	1.642165537621642830e-07
1.235058044876559541e-01	1.641879972157073459e-07
1.236641413319319871e-01	1.641568536485799320e-07
1.238224857448968624e-01	1.641282847456454297e-07
1.239808225891729093e-01	1.640971411785180423e-07
1.241391669704696443e-01	1.640841564156247856e-07
1.242975038147456635e-01	1.640530128484973718e-07
1.244558482277105665e-01	1.640218568989334535e-07
1.246141850719865718e-01	1.639907009493695087e-07
1.247725294532833346e-01	1.639595449998055904e-07
1.249308662975593537e-01	1.639284014067191843e-07
1.250892107105242568e-01	1.638972578395917969e-07
1.252475475548002759e-01	1.638816860560280900e-07
1.254058919360970248e-01	1.638505177240276407e-07
1.255642287803730439e-01	1.638167871102708109e-07
1.257225731933379331e-01	1.637856187782703616e-07
1.258809100376139800e-01	1.637518881645135318e-07
1.260392544189107011e-01	1.637363163549908326e-07
1.261975912631867480e-01	1.637025609763609408e-07
1.263559356761516372e-01	1.636688179801675801e-07
1.265142725204276564e-01	1.636350626015377148e-07
1.266726169017244052e-01	1.636169037713445654e-07
1.268309612830211541e-01	1.635831483927147001e-07
1.269893056959860433e-01	1.635494053965213394e-07
1.271476349715732201e-01	1.635156500178914476e-07
1.273059793845381094e-01	1.634974911876983247e-07
1.274643237658348305e-01	1.634637358090684330e-07
1.276226681787997197e-01	1.634273933838091252e-07
1.277809974543868965e-01	1.634092221711794449e-07
1.279393418673517580e-01	1.633728797718791294e-07
1.280976862486485346e-01	1.633391367756857687e-07
1.282560306616134238e-01	1.633183661339901414e-07
1.284143599372005728e-01	1.632820360911673646e-07
1.285727043501654898e-01	1.632456689010349950e-07
1.287310487314622109e-01	1.632249106417758986e-07
1.288893931444271002e-01	1.631885682165165909e-07
1.290477224200142770e-01	1.631678099572574946e-07
1.292060668329791662e-01	1.631314675319981868e-07
1.293644112142759151e-01	1.630951127502613404e-07
1.295227556272408043e-01	1.630743544910022441e-07
1.296810849028279811e-01	1.630354126366769630e-07
1.298394293157928425e-01	1.630146419949813621e-07
1.299977736970895914e-01	1.629757001666150733e-07
1.301561181100544806e-01	1.629549419073559769e-07
1.303144473856416574e-01	1.629160000530307223e-07
1.304727917986065189e-01	1.628926423647056790e-07
1.306311361799032955e-01	1.628562999394463448e-07
1.307894805612000444e-01	1.628329422770802938e-07
1.309478249741649336e-01	1.627940004227550391e-07
1.311061542497521104e-01	1.627706303519934649e-07
1.312644986627169719e-01	1.627317009060637069e-07
1.314228430440137207e-01	1.627057314062361593e-07
1.315811874569786100e-01	1.626668019343474356e-07
1.317395167325657868e-01	1.626434318895448271e-07
1.318978611455306482e-01	1.626044900352195725e-07
1.320562055268274249e-01	1.625785329437875480e-07
1.322145499397922863e-01	1.625395910894622669e-07
1.323728792153794631e-01	1.625136339720712767e-07
1.325312236283443801e-01	1.624876768806392522e-07
1.326895680096411012e-01	1.624487350263139976e-07
1.328479124226059904e-01	1.624227903173185041e-07
1.330062416981931672e-01	1.623968331999275139e-07
1.331645861111580564e-01	1.623552795600587206e-07
1.333229304924548053e-01	1.623293224426677304e-07
1.334812749054196945e-01	1.622877935417130333e-07
1.336396041810068713e-01	1.622618488327175398e-07
1.337979485939717328e-01	1.622332799297830375e-07
1.339562929752684817e-01	1.621917510288283403e-07
1.341146373882333709e-01	1.621657815549597849e-07
1.342729666638205477e-01	1.621372373909393787e-07
1.344313110767854091e-01	1.621086808704413809e-07
1.345896554580821858e-01	1.620671519694866837e-07
1.347479998393789347e-01	1.620385830665521814e-07
1.349063442523438239e-01	1.620100265460542100e-07
1.350646735279310007e-01	1.619684976450995129e-07
1.352230179408958621e-01	1.619399411246015415e-07
1.353813623221926110e-01	1.619113969605811088e-07
1.355397067351575002e-01	1.618828404400831375e-07
1.356980360107446770e-01	1.618386997535849547e-07
1.358563804237095385e-01	1.618101432071279911e-07
1.360147248050063151e-01	1.617815990690665506e-07
1.361730692179711766e-01	1.617504431195026058e-07
1.363313984935583534e-01	1.617218989554821731e-07
1.364897429065232703e-01	1.616777582689839904e-07
1.366480872878199915e-01	1.616466147018565765e-07
1.368064317007848807e-01	1.616180581553996129e-07
1.369647609763720575e-01	1.615869145882722255e-07
1.371231053893369467e-01	1.615557462562717763e-07
1.372814497706336956e-01	1.615246026891443624e-07
1.374397941835985848e-01	1.614804619766871874e-07
1.375981234591857616e-01	1.614493184095597736e-07
1.377564678721506231e-01	1.614181748424323862e-07
1.379148122534473719e-01	1.613870188928684414e-07
1.380731566664122612e-01	1.613558629433045231e-07
1.382314859419994102e-01	1.613247069677815860e-07
1.383898303549642994e-01	1.612909639715882517e-07
1.385481747362610760e-01	1.612598204044608379e-07
1.387065191175578249e-01	1.612260774082674771e-07
1.388648635305227141e-01	1.611949214587035588e-07
1.390231928061098909e-01	1.611637655091396140e-07
1.391815372190747524e-01	1.611300225129462797e-07
1.393398816003715013e-01	1.610832947538596622e-07
1.394982260133363905e-01	1.610495517576663014e-07
1.396565552889235395e-01	1.610183958081023566e-07
1.398148997018884288e-01	1.609846528119089958e-07
1.399732440831852054e-01	1.609508974332791305e-07
1.401315884961500668e-01	1.609171668195223007e-07
1.402899177717372436e-01	1.608834114408924090e-07
1.404482621847021606e-01	1.608496684446990482e-07
1.406066065659988540e-01	1.608159130660691565e-07
1.407649509789637710e-01	1.607821824523123266e-07
1.409232802545509478e-01	1.607614118106167258e-07
1.410816246675158370e-01	1.607250570029208607e-07
1.412399690488125859e-01	1.606913263891640308e-07
1.413983134617774751e-01	1.606575710105341656e-07
1.415566427373646519e-01	1.606212409677113623e-07
1.417149871503295133e-01	1.605874855890814706e-07
1.418733315316262622e-01	1.605511431638221628e-07
1.420316759445911237e-01	1.605174001676288021e-07
1.421900052201783005e-01	1.604810577423694943e-07
1.423483496331431897e-01	1.604447029346736556e-07
1.425066940144399663e-01	1.604083605094143214e-07
1.426650383957367152e-01	1.603876022501552516e-07
1.428233828087016044e-01	1.603512598508549096e-07
1.429817120842887812e-01	1.603149050431590710e-07
1.431400564972536427e-01	1.602785750003362942e-07
1.432984008785503915e-01	1.602422325750769865e-07
1.434567452915152530e-01	1.602058777673811213e-07
1.436150745671024298e-01	1.601695353421218136e-07
1.437734189800673190e-01	1.601435782506897892e-07
1.439317633613640679e-01	1.601072482078670124e-07
1.440901077743289571e-01	1.600708934001711737e-07
1.442484370499161339e-01	1.600345509749118660e-07
1.444067814628810509e-01	1.599956091205865848e-07
1.445651258441777443e-01	1.599722638146980725e-07
1.447234702571426612e-01	1.599333219863317836e-07
1.448817995327298380e-01	1.598969795610724759e-07
1.450401439456946995e-01	1.598580377067471947e-07
1.451984883269914761e-01	1.598320806153151703e-07
1.453568327399563653e-01	1.597957258076193316e-07
1.455151620155435144e-01	1.597567963357305814e-07
1.456735064285084036e-01	1.597178544814053268e-07
1.458318508098051525e-01	1.596918973899733023e-07
1.459901952227700139e-01	1.596529555356480212e-07
1.461485244983571907e-01	1.596140136813227665e-07
1.463068689113220799e-01	1.595880565898907421e-07
1.464652132926188288e-01	1.595491147355654609e-07
1.466235576739156055e-01	1.595101729071991721e-07
1.467819020868804947e-01	1.594842281722447128e-07
1.469402313624676437e-01	1.594452739354829007e-07
1.470985757754325329e-01	1.594063568460307079e-07
1.472569201567292818e-01	1.593778003255327365e-07
1.474152645696941433e-01	1.593388584712074554e-07
1.475735938452813201e-01	1.592973295962117240e-07
1.477319382582462093e-01	1.592713724788207338e-07
1.478902826395429582e-01	1.592298188389519670e-07
1.480486270525078474e-01	1.591908769846266859e-07
1.482069563280950242e-01	1.591623328465652455e-07
1.483653007410599134e-01	1.591207915631740174e-07
1.485236451223566345e-01	1.590948344717419930e-07
1.486819895353215515e-01	1.590533055707872958e-07
1.488403188109087283e-01	1.590247490502893244e-07
1.489986632238735897e-01	1.589832201493346273e-07
1.491570076051703664e-01	1.589416912483799302e-07
1.493153520181352278e-01	1.589131223454454278e-07
1.494736812937224046e-01	1.588715934444907307e-07
1.496320257066872939e-01	1.588430369239927593e-07
1.497903700879840427e-01	1.588015080230380622e-07
1.499487145009489042e-01	1.587729515025400908e-07
1.501070437765360810e-01	1.587314226015853672e-07
1.502653881895009702e-01	1.587002542695849179e-07
1.504237325707977191e-01	1.586587253945892130e-07
1.505820769520944957e-01	1.586301688481322494e-07
1.507404213650593572e-01	1.585860529265071021e-07
1.508987506406465340e-01	1.585574963800501384e-07
1.510570950536114232e-01	1.585133556935519292e-07
1.512154394349081721e-01	1.584847991730539578e-07
1.513737838478730335e-01	1.584406708430333137e-07
1.515321131234602103e-01	1.584095148934693689e-07
1.516904575364250995e-01	1.583679860184736641e-07
1.518488019177218484e-01	1.583368424253872844e-07
1.520071463306867376e-01	1.582927141213256061e-07
1.521654756062739144e-01	1.582615581717616878e-07
1.523238200192388037e-01	1.582304022221977430e-07
1.524821644005355248e-01	1.581888733212430459e-07
1.526405088135004418e-01	1.581551179426131542e-07
1.527988380890876186e-01	1.581135890416584570e-07
1.529571825020524800e-01	1.580798336630285653e-07
1.531155268833492566e-01	1.580486900959011779e-07
1.532738712963141181e-01	1.580045617918394996e-07
1.534322005719012949e-01	1.579734058163165890e-07
1.535905449848661841e-01	1.579396628201232282e-07
1.537488893661629330e-01	1.578955221336250190e-07
1.539072337791277945e-01	1.578643785664976316e-07
1.540655630547149713e-01	1.578202502364769611e-07
1.542239074676798605e-01	1.577865196227201312e-07
1.543822518489766094e-01	1.577553512907196820e-07
1.545405962302733860e-01	1.577216206769628521e-07
1.546989406432382474e-01	1.576774799904646429e-07
1.548572699188254242e-01	1.576437369683123163e-07
1.550156143317903135e-01	1.576099816156414168e-07
1.551739587130870623e-01	1.575658656680572772e-07
1.553323031260519238e-01	1.575321102894273855e-07
1.554906324016391006e-01	1.574983672932340247e-07
1.556489768146039898e-01	1.574516395601063995e-07
1.558073211959007387e-01	1.574178965639130387e-07
1.559656656088656279e-01	1.573841411852831470e-07
1.561239948844528047e-01	1.573503858066532552e-07
1.562823392974176939e-01	1.573062698590691421e-07
1.564406836787144151e-01	1.572699150513733034e-07
1.565990280916793320e-01	1.572361844376164736e-07
1.567573573672664811e-01	1.572024290589865818e-07
1.569157017802313703e-01	1.571557013258589566e-07
1.570740461615281469e-01	1.571219583296655958e-07
1.572323905744930084e-01	1.570856035219697571e-07
1.573907198500801852e-01	1.570518729082129273e-07
1.575490642630450744e-01	1.570155181005170622e-07
1.577074086443417955e-01	1.569688027498259679e-07
1.578657530573066847e-01	1.569350473711960761e-07
1.580240823328938615e-01	1.568987049459367684e-07
1.581824267458587507e-01	1.568623749031139916e-07
1.583407711271554996e-01	1.568286195244840999e-07
1.584991155084522763e-01	1.567922770992247922e-07
1.586574599214171377e-01	1.567455493660971669e-07
1.588157891970043145e-01	1.567092069408378327e-07
1.589741336099692037e-01	1.566728645155785250e-07
1.591324779912659249e-01	1.566365344727557482e-07
