0.000000000000000000e+00	1.000000000000000000e+00
9.999199999999999755e-03	1.000000000000000000e+00
1.999949999999999992e-02	1.000000000000000000e+00
3.999989999999999796e-02	1.000000000000000000e+00
4.999920000000000059e-02	1.000000000000000000e+00
1.100000000000000006e-01	1.000000000000000000e+00
1.210750000000000021e-01	1.000000000000000000e+00
3.399989999999999957e-01	1.000000000000000000e+00
4.849069999999999769e-01	1.000000000000000000e+00
5.099989999999999801e-01	1.000000000000000000e+00
6.699990000000000112e-01	1.000000000000000000e+00
8.299999999999999600e-01	1.000000000000000000e+00
8.487390000000000212e-01	1.000000000000000000e+00
9.899999999999999911e-01	1.000000000000000000e+00
1.149999999999999911e+00	1.000000000000000000e+00
1.212569999999999926e+00	1.000000000000000000e+00
1.310000000000000053e+00	1.000000000000000000e+00
1.442260000000000097e+00	1.000000000000000000e+00
1.469999999999999973e+00	1.000000000000000000e+00
1.629999999999999893e+00	1.000000000000000000e+00
1.671950000000000047e+00	1.000000000000000000e+00
1.909999999999999920e+00	1.000000000000000000e+00
2.035779999999999923e+00	1.000000000000000000e+00
2.189999999999999947e+00	1.000000000000000000e+00
2.370000000000000107e+00	1.000000000000000000e+00
2.390000000000000124e+00	1.000000000000000000e+00
2.399610000000000021e+00	1.000000000000000000e+00
2.399999999999999911e+00	1.000000000000000000e+00
2.410000000000000142e+00	1.000000000000000000e+00
2.419999999999999929e+00	1.000000000000000000e+00
2.430000000000000160e+00	1.000000000000000000e+00
2.439999999999999947e+00	1.000000000000000000e+00
2.490000000000000213e+00	1.000000000000000000e+00
2.509999999999999787e+00	1.000000000000000000e+00
2.580000000000000071e+00	1.000000000000000000e+00
2.589999999999999858e+00	1.000000000000000000e+00
2.763440000000000119e+00	1.000000000000000000e+00
2.799999999999999822e+00	1.000000000000000000e+00
2.810000000000000053e+00	1.000000000000000000e+00
2.819999999999999840e+00	1.000000000000000000e+00
2.830000000000000071e+00	1.000000000000000000e+00
2.839999999999999858e+00	1.000000000000000000e+00
2.850000000000000089e+00	1.000000000000000000e+00
2.859999999999999876e+00	1.000000000000000000e+00
2.870000000000000107e+00	1.000000000000000000e+00
2.879999999999999893e+00	1.000000000000000000e+00
2.890000000000000124e+00	1.000000000000000000e+00
2.919999999999999929e+00	1.000000000000000000e+00
2.930000000000000160e+00	1.000000000000000000e+00
2.939999999999999947e+00	1.000000000000000000e+00
2.950000000000000178e+00	1.000000000000000000e+00
2.959999999999999964e+00	1.000000000000000000e+00
2.970000000000000195e+00	1.000000000000000000e+00
2.979999999999999982e+00	1.000000000000000000e+00
2.990000000000000213e+00	1.000000000000000000e+00
2.993129999999999846e+00	1.000000000000000000e+00
3.000000000000000000e+00	1.000000000000000000e+00
3.009999999999999787e+00	1.000000000000000000e+00
3.020000000000000018e+00	1.000000000000000000e+00
3.029999999999999805e+00	1.000000000000000000e+00
3.040000000000000036e+00	1.000000000000000000e+00
3.049999999999999822e+00	1.000000000000000000e+00
3.060000000000000053e+00	1.000000000000000000e+00
3.069999999999999840e+00	1.000000000000000000e+00
3.080000000000000071e+00	1.000000000000000000e+00
3.089999999999999858e+00	1.000000000000000000e+00
3.100000000000000089e+00	1.000000000000000000e+00
3.109999999999999876e+00	1.000000000000000000e+00
3.120000000000000107e+00	1.000000000000000000e+00
3.129999999999999893e+00	1.000000000000000000e+00
3.140000000000000124e+00	1.000000000000000000e+00
3.149999999999999911e+00	1.000000000000000000e+00
3.180000000000000160e+00	1.000000000000000000e+00
3.189999999999999947e+00	1.000000000000000000e+00
3.200000000000000178e+00	1.000000000000000000e+00
3.222820000000000018e+00	1.000000000000000000e+00
3.400999999999999801e+00	1.000000000000000000e+00
3.586650000000000116e+00	1.000000000000000000e+00
3.600999999999999979e+00	1.000000000000000000e+00
3.670999999999999819e+00	1.000000000000000000e+00
3.681000000000000050e+00	1.000000000000000000e+00
3.690999999999999837e+00	1.000000000000000000e+00
3.701000000000000068e+00	1.000000000000000000e+00
3.710999999999999854e+00	1.000000000000000000e+00
3.721000000000000085e+00	1.000000000000000000e+00
3.730999999999999872e+00	1.000000000000000000e+00
3.741000000000000103e+00	1.000000000000000000e+00
3.750999999999999890e+00	1.000000000000000000e+00
3.761000000000000121e+00	1.000000000000000000e+00
3.781000000000000139e+00	1.000000000000000000e+00
3.790999999999999925e+00	1.000000000000000000e+00
3.801000000000000156e+00	1.000000000000000000e+00
3.810999999999999943e+00	1.000000000000000000e+00
3.821000000000000174e+00	1.000000000000000000e+00
3.830999999999999961e+00	1.000000000000000000e+00
3.841000000000000192e+00	1.000000000000000000e+00
3.850999999999999979e+00	1.000000000000000000e+00
3.880999999999999783e+00	1.000000000000000000e+00
3.940999999999999837e+00	1.000000000000000000e+00
3.950480000000000214e+00	1.000000000000000000e+00
3.971000000000000085e+00	1.000000000000000000e+00
3.980999999999999872e+00	1.000000000000000000e+00
3.991000000000000103e+00	1.000000000000000000e+00
4.001000000000000334e+00	1.000000000000000000e+00
4.011000000000000121e+00	1.000000000000000000e+00
4.020999999999999908e+00	1.000000000000000000e+00
4.030999999999999694e+00	1.000000000000000000e+00
4.041000000000000369e+00	1.000000000000000000e+00
4.060999999999999943e+00	1.000000000000000000e+00
4.121000000000000441e+00	1.000000000000000000e+00
4.131000000000000227e+00	1.000000000000000000e+00
4.160999999999999588e+00	1.000000000000000000e+00
4.171000000000000263e+00	1.000000000000000000e+00
4.181000000000000050e+00	1.000000000000000000e+00
4.190999999999999837e+00	1.000000000000000000e+00
4.200999999999999623e+00	1.000000000000000000e+00
4.221000000000000085e+00	1.000000000000000000e+00
4.230999999999999872e+00	1.000000000000000000e+00
4.240999999999999659e+00	1.000000000000000000e+00
4.251000000000000334e+00	1.000000000000000000e+00
4.261000000000000121e+00	1.000000000000000000e+00
4.270999999999999908e+00	1.000000000000000000e+00
4.280999999999999694e+00	1.000000000000000000e+00
4.291000000000000369e+00	1.000000000000000000e+00
4.301000000000000156e+00	1.000000000000000000e+00
4.314320000000000377e+00	1.000000000000000000e+00
4.331000000000000405e+00	1.000000000000000000e+00
4.341000000000000192e+00	1.000000000000000000e+00
4.400999999999999801e+00	1.000000000000000000e+00
4.406189999999999607e+00	1.000000000000000000e+00
4.410999999999999588e+00	1.000000000000000000e+00
4.421000000000000263e+00	1.000000000000000000e+00
4.431000000000000050e+00	1.000000000000000000e+00
4.450999999999999623e+00	1.000000000000000000e+00
4.461000000000000298e+00	1.000000000000000000e+00
4.471000000000000085e+00	1.000000000000000000e+00
4.480999999999999872e+00	1.000000000000000000e+00
4.490999999999999659e+00	1.000000000000000000e+00
4.498070000000000235e+00	1.000000000000000000e+00
4.570999999999999730e+00	1.000000000000000000e+00
4.589940000000000353e+00	1.000000000000000000e+00
4.631000000000000227e+00	1.000000000000000000e+00
4.681820000000000093e+00	1.000000000000000000e+00
4.740999999999999659e+00	1.000000000000000000e+00
4.751000000000000334e+00	1.000000000000000000e+00
4.761000000000000121e+00	1.000000000000000000e+00
4.770999999999999908e+00	1.000000000000000000e+00
4.773690000000000211e+00	1.000000000000000000e+00
4.780999999999999694e+00	1.000000000000000000e+00
4.791000000000000369e+00	1.000000000000000000e+00
4.801000000000000156e+00	1.000000000000000000e+00
4.810999999999999943e+00	1.000000000000000000e+00
4.820999999999999730e+00	1.000000000000000000e+00
4.831000000000000405e+00	1.000000000000000000e+00
4.841000000000000192e+00	1.000000000000000000e+00
4.850999999999999979e+00	1.000000000000000000e+00
4.871000000000000441e+00	1.000000000000000000e+00
4.881000000000000227e+00	1.000000000000000000e+00
4.882839999999999847e+00	1.000000000000000000e+00
4.891000000000000014e+00	1.000000000000000000e+00
4.900999999999999801e+00	1.000000000000000000e+00
4.910999999999999588e+00	1.000000000000000000e+00
4.921000000000000263e+00	1.000000000000000000e+00
4.931000000000000050e+00	1.000000000000000000e+00
4.940999999999999837e+00	1.000000000000000000e+00
4.950999999999999623e+00	1.000000000000000000e+00
4.961000000000000298e+00	1.000000000000000000e+00
4.971000000000000085e+00	1.000000000000000000e+00
4.980999999999999872e+00	1.000000000000000000e+00
4.990999999999999659e+00	1.000000000000000000e+00
4.991990000000000371e+00	1.000000000000000000e+00
5.001000000000000334e+00	1.000000000000000000e+00
5.011000000000000121e+00	1.000000000000000000e+00
5.020999999999999908e+00	1.000000000000000000e+00
5.030999999999999694e+00	1.000000000000000000e+00
5.041000000000000369e+00	1.000000000000000000e+00
5.051000000000000156e+00	1.000000000000000000e+00
5.060999999999999943e+00	1.000000000000000000e+00
5.070999999999999730e+00	1.000000000000000000e+00
5.081000000000000405e+00	1.000000000000000000e+00
5.091000000000000192e+00	1.000000000000000000e+00
5.100999999999999979e+00	1.000000000000000000e+00
5.101140000000000008e+00	1.000000000000000000e+00
5.110999999999999766e+00	1.000000000000000000e+00
5.121000000000000441e+00	1.000000000000000000e+00
5.131000000000000227e+00	1.000000000000000000e+00
5.141000000000000014e+00	1.000000000000000000e+00
5.150999999999999801e+00	1.000000000000000000e+00
5.160999999999999588e+00	1.000000000000000000e+00
5.171000000000000263e+00	1.000000000000000000e+00
5.181000000000000050e+00	1.000000000000000000e+00
5.190999999999999837e+00	1.000000000000000000e+00
5.200999999999999623e+00	1.000000000000000000e+00
5.210289999999999644e+00	1.000000000000000000e+00
5.211000000000000298e+00	1.000000000000000000e+00
5.221000000000000085e+00	1.000000000000000000e+00
5.230999999999999872e+00	1.000000000000000000e+00
5.240999999999999659e+00	1.000000000000000000e+00
5.251000000000000334e+00	1.000000000000000000e+00
5.261000000000000121e+00	1.000000000000000000e+00
5.270999999999999908e+00	1.000000000000000000e+00
5.280999999999999694e+00	1.000000000000000000e+00
5.291000000000000369e+00	1.000000000000000000e+00
5.301000000000000156e+00	1.000000000000000000e+00
5.310999999999999943e+00	1.000000000000000000e+00
5.319440000000000168e+00	1.000000000000000000e+00
5.320999999999999730e+00	1.000000000000000000e+00
5.331000000000000405e+00	1.000000000000000000e+00
5.341000000000000192e+00	1.000000000000000000e+00
5.350999999999999979e+00	1.000000000000000000e+00
5.360999999999999766e+00	1.000000000000000000e+00
5.381000000000000227e+00	1.000000000000000000e+00
5.391000000000000014e+00	1.000000000000000000e+00
5.400999999999999801e+00	1.000000000000000000e+00
5.410999999999999588e+00	1.000000000000000000e+00
5.421000000000000263e+00	1.000000000000000000e+00
5.428589999999999804e+00	1.000000000000000000e+00
5.431000000000000050e+00	1.000000000000000000e+00
5.440999999999999837e+00	1.000000000000000000e+00
5.450999999999999623e+00	1.000000000000000000e+00
5.461000000000000298e+00	1.000000000000000000e+00
5.471000000000000085e+00	1.000000000000000000e+00
5.480999999999999872e+00	1.000000000000000000e+00
5.490999999999999659e+00	1.000000000000000000e+00
5.501000000000000334e+00	1.000000000000000000e+00
5.511000000000000121e+00	1.000000000000000000e+00
5.520999999999999908e+00	1.000000000000000000e+00
5.530999999999999694e+00	1.000000000000000000e+00
5.537740000000000329e+00	1.000000000000000000e+00
5.551000000000000156e+00	1.000000000000000000e+00
5.560999999999999943e+00	1.000000000000000000e+00
5.631000000000000227e+00	1.000000000000000000e+00
5.646889999999999965e+00	1.000000000000000000e+00
5.681000000000000050e+00	1.000000000000000000e+00
5.690999999999999837e+00	1.000000000000000000e+00
5.700999999999999623e+00	1.000000000000000000e+00
5.711000000000000298e+00	1.000000000000000000e+00
5.721000000000000085e+00	1.000000000000000000e+00
5.730999999999999872e+00	1.000000000000000000e+00
5.740999999999999659e+00	1.000000000000000000e+00
5.751000000000000334e+00	1.000000000000000000e+00
5.756039999999999601e+00	1.000000000000000000e+00
5.761000000000000121e+00	1.000000000000000000e+00
5.770999999999999908e+00	1.000000000000000000e+00
5.780999999999999694e+00	1.000000000000000000e+00
5.801000000000000156e+00	1.000000000000000000e+00
5.810999999999999943e+00	1.000000000000000000e+00
5.850999999999999979e+00	1.000000000000000000e+00
5.865190000000000126e+00	1.000000000000000000e+00
5.891000000000000014e+00	1.000000000000000000e+00
5.895809999999999995e+00	1.000000000000000000e+00
5.926440000000000374e+00	1.000000000000000000e+00
5.940999999999999837e+00	1.000000000000000000e+00
5.950999999999999623e+00	1.000000000000000000e+00
5.957060000000000244e+00	1.000000000000000000e+00
5.961000000000000298e+00	1.000000000000000000e+00
5.971000000000000085e+00	1.000000000000000000e+00
5.987689999999999735e+00	1.000000000000000000e+00
6.001000000000000334e+00	1.000000000000000000e+00
6.011000000000000121e+00	1.000000000000000000e+00
6.018309999999999604e+00	1.000000000000000000e+00
6.020999999999999908e+00	1.000000000000000000e+00
6.030999999999999694e+00	1.000000000000000000e+00
6.041000000000000369e+00	1.000000000000000000e+00
6.048939999999999984e+00	1.000000000000000000e+00
6.051000000000000156e+00	1.000000000000000000e+00
6.060999999999999943e+00	1.000000000000000000e+00
6.070999999999999730e+00	1.000000000000000000e+00
6.079559999999999853e+00	1.000000000000000000e+00
6.081000000000000405e+00	1.000000000000000000e+00
6.091000000000000192e+00	1.000000000000000000e+00
6.100999999999999979e+00	1.000000000000000000e+00
6.110190000000000232e+00	1.000000000000000000e+00
6.110999999999999766e+00	1.000000000000000000e+00
6.121000000000000441e+00	1.000000000000000000e+00
6.131000000000000227e+00	1.000000000000000000e+00
6.140810000000000102e+00	1.000000000000000000e+00
6.141000000000000014e+00	1.000000000000000000e+00
6.150999999999999801e+00	1.000000000000000000e+00
6.160999999999999588e+00	1.000000000000000000e+00
6.171000000000000263e+00	1.000000000000000000e+00
6.171439999999999593e+00	1.000000000000000000e+00
6.181000000000000050e+00	1.000000000000000000e+00
6.190999999999999837e+00	1.000000000000000000e+00
6.200999999999999623e+00	1.000000000000000000e+00
6.202060000000000350e+00	1.000000000000000000e+00
6.211000000000000298e+00	1.000000000000000000e+00
6.221000000000000085e+00	1.000000000000000000e+00
6.232689999999999841e+00	1.000000000000000000e+00
6.263309999999999711e+00	1.000000000000000000e+00
6.274000000000000021e+00	1.000000000000000000e+00
6.293940000000000090e+00	1.000000000000000000e+00
6.324559999999999960e+00	1.000000000000000000e+00
6.341440000000000410e+00	1.000000000000000000e+00
6.408890000000000420e+00	1.000000000000000000e+00
6.431000000000000050e+00	1.000000000000000000e+00
6.433709999999999596e+00	1.000000000000000000e+00
6.471000000000000085e+00	1.000000000000000000e+00
6.476329999999999920e+00	1.000000000000000000e+00
6.501000000000000334e+00	1.000000000000000000e+00
6.511000000000000121e+00	1.000000000000000000e+00
6.542860000000000120e+00	1.000000000000000000e+00
6.543779999999999930e+00	1.000000000000000000e+00
6.581000000000000405e+00	1.000000000000000000e+00
6.611220000000000319e+00	1.000000000000000000e+00
6.650999999999999801e+00	1.000000000000000000e+00
6.652009999999999756e+00	1.000000000000000000e+00
6.671000000000000263e+00	1.000000000000000000e+00
6.678670000000000329e+00	1.000000000000000000e+00
6.746109999999999829e+00	1.000000000000000000e+00
6.751000000000000334e+00	1.000000000000000000e+00
6.761000000000000121e+00	1.000000000000000000e+00
6.761160000000000281e+00	1.000000000000000000e+00
6.770999999999999908e+00	1.000000000000000000e+00
6.780999999999999694e+00	1.000000000000000000e+00
6.791000000000000369e+00	1.000000000000000000e+00
6.801000000000000156e+00	1.000000000000000000e+00
6.813550000000000217e+00	1.000000000000000000e+00
6.820999999999999730e+00	1.000000000000000000e+00
6.831000000000000405e+00	1.000000000000000000e+00
6.870309999999999917e+00	1.000000000000000000e+00
6.881000000000000227e+00	1.000000000000000000e+00
6.881000000000000227e+00	1.000000000000000000e+00
6.891000000000000014e+00	1.000000000000000000e+00
6.900999999999999801e+00	1.000000000000000000e+00
6.910999999999999588e+00	1.000000000000000000e+00
6.921000000000000263e+00	1.000000000000000000e+00
6.931000000000000050e+00	1.000000000000000000e+00
6.940999999999999837e+00	1.000000000000000000e+00
6.950999999999999623e+00	1.000000000000000000e+00
6.961000000000000298e+00	1.000000000000000000e+00
6.971000000000000085e+00	1.000000000000000000e+00
6.979460000000000441e+00	1.000000000000000000e+00
6.980999999999999872e+00	1.000000000000000000e+00
6.990999999999999659e+00	1.000000000000000000e+00
7.001000000000000334e+00	1.000000000000000000e+00
7.011000000000000121e+00	1.000000000000000000e+00
7.020999999999999908e+00	1.000000000000000000e+00
7.030999999999999694e+00	1.000000000000000000e+00
7.041000000000000369e+00	1.000000000000000000e+00
7.051000000000000156e+00	1.000000000000000000e+00
7.060999999999999943e+00	1.000000000000000000e+00
7.070999999999999730e+00	1.000000000000000000e+00
7.081000000000000405e+00	1.000000000000000000e+00
7.088610000000000078e+00	1.000000000000000000e+00
7.091000000000000192e+00	1.000000000000000000e+00
7.110999999999999766e+00	1.000000000000000000e+00
7.141000000000000014e+00	1.000000000000000000e+00
7.150999999999999801e+00	1.000000000000000000e+00
7.160999999999999588e+00	1.000000000000000000e+00
7.171000000000000263e+00	1.000000000000000000e+00
7.190999999999999837e+00	1.000000000000000000e+00
7.197759999999999714e+00	1.000000000000000000e+00
7.200999999999999623e+00	1.000000000000000000e+00
7.211000000000000298e+00	1.000000000000000000e+00
7.221000000000000085e+00	1.000000000000000000e+00
7.230999999999999872e+00	1.000000000000000000e+00
7.240999999999999659e+00	1.000000000000000000e+00
7.251000000000000334e+00	1.000000000000000000e+00
7.261000000000000121e+00	1.000000000000000000e+00
7.270999999999999908e+00	1.000000000000000000e+00
7.282000000000000028e+00	1.000000000000000000e+00
7.291999999999999815e+00	1.000000000000000000e+00
7.301999999999999602e+00	1.000000000000000000e+00
7.306910000000000238e+00	1.000000000000000000e+00
7.312000000000000277e+00	1.000000000000000000e+00
7.322000000000000064e+00	1.000000000000000000e+00
7.331999999999999851e+00	1.000000000000000000e+00
7.341999999999999638e+00	1.000000000000000000e+00
7.352000000000000313e+00	1.000000000000000000e+00
7.362000000000000099e+00	1.000000000000000000e+00
7.371999999999999886e+00	1.000000000000000000e+00
7.377609999999999779e+00	1.000000000000000000e+00
7.381999999999999673e+00	1.000000000000000000e+00
7.385729999999999684e+00	1.000000000000000000e+00
7.392000000000000348e+00	1.000000000000000000e+00
7.393849999999999589e+00	1.000000000000000000e+00
7.401959999999999873e+00	1.000000000000000000e+00
7.402000000000000135e+00	1.000000000000000000e+00
7.410079999999999778e+00	1.000000000000000000e+00
7.411999999999999922e+00	1.000000000000000000e+00
7.416059999999999874e+00	1.000000000000000000e+00
7.418199999999999683e+00	1.000000000000000000e+00
7.421999999999999709e+00	1.000000000000000000e+00
7.426319999999999588e+00	1.000000000000000000e+00
7.432000000000000384e+00	1.000000000000000000e+00
7.434429999999999872e+00	1.000000000000000000e+00
7.442000000000000171e+00	1.000000000000000000e+00
7.442549999999999777e+00	1.000000000000000000e+00
7.444770000000000110e+00	1.000000000000000000e+00
7.450669999999999682e+00	1.000000000000000000e+00
7.451999999999999957e+00	1.000000000000000000e+00
7.458779999999999966e+00	1.000000000000000000e+00
7.461999999999999744e+00	1.000000000000000000e+00
7.466899999999999871e+00	1.000000000000000000e+00
7.472000000000000419e+00	1.000000000000000000e+00
7.473480000000000345e+00	1.000000000000000000e+00
7.475019999999999776e+00	1.000000000000000000e+00
7.482000000000000206e+00	1.000000000000000000e+00
7.483139999999999681e+00	1.000000000000000000e+00
7.491249999999999964e+00	1.000000000000000000e+00
7.491999999999999993e+00	1.000000000000000000e+00
7.499369999999999870e+00	1.000000000000000000e+00
7.502189999999999692e+00	1.000000000000000000e+00
7.507489999999999775e+00	1.000000000000000000e+00
7.515600000000000058e+00	1.000000000000000000e+00
7.523719999999999963e+00	1.000000000000000000e+00
7.530899999999999928e+00	1.000000000000000000e+00
7.531839999999999868e+00	1.000000000000000000e+00
7.539959999999999773e+00	1.000000000000000000e+00
7.548070000000000057e+00	1.000000000000000000e+00
7.556189999999999962e+00	1.000000000000000000e+00
7.559619999999999784e+00	1.000000000000000000e+00
7.564309999999999867e+00	1.000000000000000000e+00
7.572420000000000151e+00	1.000000000000000000e+00
7.580540000000000056e+00	1.000000000000000000e+00
7.588330000000000020e+00	1.000000000000000000e+00
7.588659999999999961e+00	1.000000000000000000e+00
7.596779999999999866e+00	1.000000000000000000e+00
7.604890000000000150e+00	1.000000000000000000e+00
7.613010000000000055e+00	1.000000000000000000e+00
7.617040000000000255e+00	1.000000000000000000e+00
7.621129999999999960e+00	1.000000000000000000e+00
7.629240000000000244e+00	1.000000000000000000e+00
7.637360000000000149e+00	1.000000000000000000e+00
7.645480000000000054e+00	1.000000000000000000e+00
7.645749999999999602e+00	1.000000000000000000e+00
7.653599999999999959e+00	1.000000000000000000e+00
7.661710000000000242e+00	1.000000000000000000e+00
7.669830000000000148e+00	1.000000000000000000e+00
7.671999999999999709e+00	1.000000000000000000e+00
7.674459999999999837e+00	1.000000000000000000e+00
7.677950000000000053e+00	1.000000000000000000e+00
7.686060000000000336e+00	1.000000000000000000e+00
7.694180000000000241e+00	1.000000000000000000e+00
7.703170000000000073e+00	1.000000000000000000e+00
7.706000000000000405e+00	1.000000000000000000e+00
7.724289999999999878e+00	1.000000000000000000e+00
7.731880000000000308e+00	1.000000000000000000e+00
7.742580000000000240e+00	1.000000000000000000e+00
7.760589999999999655e+00	1.000000000000000000e+00
7.760869999999999713e+00	1.000000000000000000e+00
7.779169999999999696e+00	1.000000000000000000e+00
7.789299999999999891e+00	1.000000000000000000e+00
7.797460000000000058e+00	1.000000000000000000e+00
7.815750000000000419e+00	1.000000000000000000e+00
7.818010000000000126e+00	1.000000000000000000e+00
7.834039999999999893e+00	1.000000000000000000e+00
7.846720000000000361e+00	1.000000000000000000e+00
7.852000000000000313e+00	1.000000000000000000e+00
7.852330000000000254e+00	1.000000000000000000e+00
7.870619999999999727e+00	1.000000000000000000e+00
7.875440000000000218e+00	1.000000000000000000e+00
7.888919999999999710e+00	1.000000000000000000e+00
7.907210000000000072e+00	1.000000000000000000e+00
7.917699999999999960e+00	1.000000000000000000e+00
7.925500000000000433e+00	1.000000000000000000e+00
7.943789999999999907e+00	1.000000000000000000e+00
7.959970000000000212e+00	1.000000000000000000e+00
7.962080000000000268e+00	1.000000000000000000e+00
7.980369999999999742e+00	1.000000000000000000e+00
7.998669999999999725e+00	1.000000000000000000e+00
8.002240000000000464e+00	1.000000000000000000e+00
8.016959999999999198e+00	1.000000000000000000e+00
8.035249999999999559e+00	1.000000000000000000e+00
8.044510000000000716e+00	1.000000000000000000e+00
8.053539999999999921e+00	1.000000000000000000e+00
8.071830000000000283e+00	1.000000000000000000e+00
8.086779999999999191e+00	1.000000000000000000e+00
8.090120000000000644e+00	1.000000000000000000e+00
8.108420000000000627e+00	1.000000000000000000e+00
8.112000000000000099e+00	1.000000000000000000e+00
8.126709999999999212e+00	1.000000000000000000e+00
8.129049999999999443e+00	1.000000000000000000e+00
8.144999999999999574e+00	1.000000000000000000e+00
8.163289999999999935e+00	1.000000000000000000e+00
8.171310000000000073e+00	1.000000000000000000e+00
8.181580000000000297e+00	1.000000000000000000e+00
8.199870000000000658e+00	1.000000000000000000e+00
8.213580000000000325e+00	1.000000000000000000e+00
8.218170000000000641e+00	1.000000000000000000e+00
8.236459999999999226e+00	1.000000000000000000e+00
8.254749999999999588e+00	9.999999999999997780e-01
8.272000000000000242e+00	9.999999999999997780e-01
8.273039999999999949e+00	9.999999999999997780e-01
8.291330000000000311e+00	9.999999999999993339e-01
8.294290000000000163e+00	9.999999999999993339e-01
8.309620000000000672e+00	9.999999999999986677e-01
8.327920000000000655e+00	9.999999999999975575e-01
8.346209999999999241e+00	9.999999999999948930e-01
8.364499999999999602e+00	9.999999999999895639e-01
8.371399999999999508e+00	9.999999999999862332e-01
8.382789999999999964e+00	9.999999999999786837e-01
8.401080000000000325e+00	9.999999999999569233e-01
8.419370000000000687e+00	9.999999999999125144e-01
8.422000000000000597e+00	9.999999999999031886e-01
8.437670000000000670e+00	9.999999999998225864e-01
8.444929999999999382e+00	9.999999999997650768e-01
8.455959999999999255e+00	9.999999999996402877e-01
8.474249999999999616e+00	9.999999999992699173e-01
8.492539999999999978e+00	9.999999999985189625e-01
8.510830000000000339e+00	9.999999999969948483e-01
8.514870000000000161e+00	9.999999999964863662e-01
8.529120000000000701e+00	9.999999999939022111e-01
8.547420000000000684e+00	9.999999999876276746e-01
8.565709999999999269e+00	9.999999999748963031e-01
8.571999999999999176e+00	9.999999999679793916e-01
8.581229999999999691e+00	9.999999999542388274e-01
8.583999999999999631e+00	9.999999999490640779e-01
8.602289999999999992e+00	9.999999998966502268e-01
8.620580000000000354e+00	9.999999997903012972e-01
8.638870000000000715e+00	9.999999995745174619e-01
8.644000000000000128e+00	9.999999994812360793e-01
8.657170000000000698e+00	9.999999991366879115e-01
8.675459999999999283e+00	9.999999982483234184e-01
8.693749999999999645e+00	9.999999964458146096e-01
8.703179999999999694e+00	9.999999948809803474e-01
8.711999999999999744e+00	9.999999928002121230e-01
8.712040000000000006e+00	9.999999927884899442e-01
8.730330000000000368e+00	9.999999853677086215e-01
8.748620000000000729e+00	9.999999703108015670e-01
8.758779999999999788e+00	9.999999560308358015e-01
8.766920000000000712e+00	9.999999397600510820e-01
8.785209999999999297e+00	9.999998777720003895e-01
8.803499999999999659e+00	9.999997519970849069e-01
8.810790000000000788e+00	9.999996712589452885e-01
8.821790000000000020e+00	9.999994967974764615e-01
8.840080000000000382e+00	9.999989789929959461e-01
8.858370000000000744e+00	9.999979283594619961e-01
8.859209999999999141e+00	9.999978605436078416e-01
8.876670000000000726e+00	9.999957966107366758e-01
8.881999999999999673e+00	9.999948335772254060e-01
8.894959999999999312e+00	9.999914712797813854e-01
8.904040000000000177e+00	9.999878802458793681e-01
8.913249999999999673e+00	9.999826952156311011e-01
8.931540000000000035e+00	9.999648888871809360e-01
8.945289999999999964e+00	9.999402397718532010e-01
8.949830000000000396e+00	9.999287614552460068e-01
8.968120000000000758e+00	9.998554662270611182e-01
8.982950000000000657e+00	9.997435454775375208e-01
8.986420000000000741e+00	9.997067818235758629e-01
9.004709999999999326e+00	9.994052341759447344e-01
9.017030000000000101e+00	9.990425112113940909e-01
9.022999999999999687e+00	9.987939469168741757e-01
9.041290000000000049e+00	9.975559284753064970e-01
9.047510000000000829e+00	9.968927901637540945e-01
9.051999999999999602e+00	9.963063344533726884e-01
9.059580000000000410e+00	9.950533729383691517e-01
9.074419999999999931e+00	9.912537119263398200e-01
9.077870000000000772e+00	9.900140295260042578e-01
9.096170000000000755e+00	9.799443619661785121e-01
9.097730000000000317e+00	9.787206216562072125e-01
9.114459999999999340e+00	9.601295589219926985e-01
9.117459999999999454e+00	9.554435187424255016e-01
9.132749999999999702e+00	9.222903421950823244e-01
9.133599999999999497e+00	9.199060968389481951e-01
9.146150000000000446e+00	8.760417884727931259e-01
9.151040000000000063e+00	8.540004346038391203e-01
9.155120000000000147e+00	8.332183566557451737e-01
9.160500000000000753e+00	8.022624132637946603e-01
9.162290000000000489e+00	7.910263521122262720e-01
9.169159999999999755e+00	7.437493104774621777e-01
9.169330000000000425e+00	7.424564879914586912e-01
9.176019999999999399e+00	6.899685969140768593e-01
9.182890000000000441e+00	6.305080982023317793e-01
9.187620000000000786e+00	5.869141477525338102e-01
9.189750000000000085e+00	5.668036503915825364e-01
9.196619999999999351e+00	5.008116351219642493e-01
9.203490000000000393e+00	4.347913306385781107e-01
9.205920000000000769e+00	4.118484119055312309e-01
9.210350000000000037e+00	3.710058584619698174e-01
9.217219999999999303e+00	3.114220622712395303e-01
9.224080000000000723e+00	2.574901400226821679e-01
9.224209999999999354e+00	2.565683285009774384e-01
9.230949999999999989e+00	2.100490071805223014e-01
9.232739999999999725e+00	1.987696552708655140e-01
9.238120000000000331e+00	1.676859118675975424e-01
9.242000000000000881e+00	1.477842062453719463e-01
9.242499999999999716e+00	1.453640480680541136e-01
9.247090000000000032e+00	1.246650358682978299e-01
9.259639999999999205e+00	8.057361268554998068e-02
9.260790000000000077e+00	7.734447589295165293e-02
9.275779999999999248e+00	4.483371863906614185e-02
9.279080000000000439e+00	3.967542799112477175e-02
9.295510000000000161e+00	2.141502821868339346e-02
9.297370000000000800e+00	1.995552815368448890e-02
9.315670000000000783e+00	9.935614802561075487e-03
9.318830000000000169e+00	8.802761713531583737e-03
9.333959999999999368e+00	4.921556667448211825e-03
9.345729999999999649e+00	3.127387559763373376e-03
9.352249999999999730e+00	2.431653536382921352e-03
9.370540000000000092e+00	1.199917728531279789e-03
9.376210000000000377e+00	9.637200630109313748e-04
9.388830000000000453e+00	5.917383277902960644e-04
9.407120000000000815e+00	2.917251797143180286e-04
9.410289999999999822e+00	2.581246904865346320e-04
9.422000000000000597e+00	1.641143298738478905e-04
9.425420000000000798e+00	1.437977326961076491e-04
9.443709999999999383e+00	7.087573501827533094e-05
9.447950000000000514e+00	6.014949555426107462e-05
9.461999999999999744e+00	3.493228952169098798e-05
9.480290000000000106e+00	1.721664835799685742e-05
9.489200000000000301e+00	1.219870381095221394e-05
9.498580000000000467e+00	8.485281714832088157e-06
9.516870000000000829e+00	4.181980456171490485e-06
9.534029999999999561e+00	2.153393235689547205e-06
9.535170000000000812e+00	2.061089184208072154e-06
9.541999999999999815e+00	1.582376772063014489e-06
9.553459999999999397e+00	1.015806769180343658e-06
9.571749999999999758e+00	5.006395905674810090e-07
9.582459999999999312e+00	3.308825430011232936e-07
9.590040000000000120e+00	2.467397754808223576e-07
9.608330000000000481e+00	1.216054625164654929e-07
9.626620000000000843e+00	5.993313216953915055e-08
9.634460000000000690e+00	4.425558865892219981e-08
9.644920000000000826e+00	2.953798410838696564e-08
9.663209999999999411e+00	1.455776563236844603e-08
9.681499999999999773e+00	7.174780033032524612e-09
9.690060000000000784e+00	5.152365990584745335e-09
9.692000000000000171e+00	4.779943532924690767e-09
9.699790000000000134e+00	3.536083052140964484e-09
9.718080000000000496e+00	1.742754937572530429e-09
9.736370000000000857e+00	8.589149985694583658e-10
9.749240000000000350e+00	5.221432843753339543e-10
9.754670000000000840e+00	4.233153833231870349e-10
9.772959999999999425e+00	2.086305560118565925e-10
9.791249999999999787e+00	1.028233572694104694e-10
9.809540000000000148e+00	5.067638701487527438e-11
9.812010000000000787e+00	4.605927633019362342e-11
9.827830000000000510e+00	2.497580578005022881e-11
9.842000000000000526e+00	1.443892239040502378e-11
9.846120000000000871e+00	1.230930046712985947e-11
9.864420000000000854e+00	6.066626211120596564e-12
9.878370000000000317e+00	3.536624467154404429e-12
9.882709999999999440e+00	2.989930555649241987e-12
9.900999999999999801e+00	1.473584232238318755e-12
9.919290000000000163e+00	7.262544895556003938e-13
9.937580000000000524e+00	3.579337862473556627e-13
9.948309999999999320e+00	2.363769952450816809e-13
9.955870000000000886e+00	1.764073023710099131e-13
9.974170000000000869e+00	8.694215948731295751e-14
9.992459999999999454e+00	4.284935484370984038e-14
1.001069999999999993e+01	2.111826093749205652e-14
1.002180000000000071e+01	1.375200089418835369e-14
1.002899999999999991e+01	1.040811341619219247e-14
1.004729999999999990e+01	5.129628107397773525e-15
1.006559999999999988e+01	2.528131993572360119e-15
1.008389999999999986e+01	1.245987280775105395e-15
1.009900000000000020e+01	6.964196230115095920e-16
1.010219999999999985e+01	6.140835635957534953e-16
1.012049999999999983e+01	3.026504595166282052e-16
1.013199999999999967e+01	1.939792437832249100e-16
1.013879999999999981e+01	1.491609710399663654e-16
1.015709999999999980e+01	7.351383281267887229e-17
1.017539999999999978e+01	3.623121770481415871e-17
1.017970000000000041e+01	3.069873862270269032e-17
1.019369999999999976e+01	1.785651878223438518e-17
1.021199999999999974e+01	8.800567113644271061e-18
1.022189999999999976e+01	5.984721309916858705e-18
1.023019999999999996e+01	4.337350547790762138e-18
1.024849999999999994e+01	2.137658804425808316e-18
1.026420000000000066e+01	1.166721851264761395e-18
1.026679999999999993e+01	1.053542966792538331e-18
1.028509999999999991e+01	5.192375792526069196e-19
1.030339999999999989e+01	2.559057126344957249e-19
1.030649999999999977e+01	2.274525091023148149e-19
1.031160000000000032e+01	1.865686506731654028e-19
1.032169999999999987e+01	1.261228700997199185e-19
1.032520000000000060e+01	1.103427668312940361e-19
1.033869999999999933e+01	6.526030042053549913e-20
1.033999999999999986e+01	6.215952820447739642e-20
1.034869999999999912e+01	4.434188306394889023e-20
1.035200000000000031e+01	3.907735898831433253e-20
1.035229999999999961e+01	3.859706379748599260e-20
1.036589999999999989e+01	2.282755862580264035e-20
1.037199999999999989e+01	1.802770171947903247e-20
1.037950000000000017e+01	1.350096047586843055e-20
1.039100000000000001e+01	8.644453303315927671e-21
1.039310000000000045e+01	7.984907048489140280e-21
1.040659999999999918e+01	4.722533680990401014e-21
1.042019999999999946e+01	2.793059985877933517e-21
1.043329999999999913e+01	1.685236795321505879e-21
1.043379999999999974e+01	1.651906500130244674e-21
1.044740000000000002e+01	9.769912207291733900e-22
1.046090000000000053e+01	5.778243776548981721e-22
1.047450000000000081e+01	3.417441265880505402e-22
1.047550000000000026e+01	3.285370348655911012e-22
1.048809999999999931e+01	2.021185892699999416e-22
1.049200000000000088e+01	1.737905985540578062e-22
1.050169999999999959e+01	1.195395061690151727e-22
1.050200000000000067e+01	1.180421791761497535e-22
1.051529999999999987e+01	7.069955112363530475e-23
1.051779999999999937e+01	6.404831865641972123e-23
1.052880000000000038e+01	4.181401353638295974e-23
1.054240000000000066e+01	2.473016730987737906e-23
1.054649999999999999e+01	2.109529629466119101e-23
1.055599999999999916e+01	1.462622512049490308e-23
1.056959999999999944e+01	8.650425150578882050e-24
1.057199999999999918e+01	7.872063624884794415e-24
1.057520000000000060e+01	6.948059450971107052e-24
1.058309999999999995e+01	5.116142727826335195e-24
1.059670000000000023e+01	3.025853175521365544e-24
1.060389999999999944e+01	2.288449968178188750e-24
1.061030000000000051e+01	1.789587962434181387e-24
1.062390000000000079e+01	1.058420514649513604e-24
1.063260000000000005e+01	7.537361034127331912e-25
1.063739999999999952e+01	6.259843099901216565e-25
1.065099999999999980e+01	3.702274766315815394e-25
1.066140000000000043e+01	2.482545484881556335e-25
1.066460000000000008e+01	2.189645687048579136e-25
1.067820000000000036e+01	1.295027662028812885e-25
1.069009999999999927e+01	8.176644393974009552e-26
1.069180000000000064e+01	7.659214709209147865e-26
1.070529999999999937e+01	4.529908640704977578e-26
1.071879999999999988e+01	2.693103266492588114e-26
1.071889999999999965e+01	2.679135273288798554e-26
1.073249999999999993e+01	1.584527720511132389e-26
1.074610000000000021e+01	9.371412194451246598e-27
1.074750000000000050e+01	8.870148748719268058e-27
1.075960000000000072e+01	8.756510762696520037e-27
1.077319999999999922e+01	8.756510762696520037e-27
1.077619999999999933e+01	8.756510762696520037e-27
1.078679999999999950e+01	8.756510762696520037e-27
1.080039999999999978e+01	8.756510762696520037e-27
1.080489999999999995e+01	8.756510762696520037e-27
1.081400000000000006e+01	8.756510762696520037e-27
1.082750000000000057e+01	8.756510762696520037e-27
1.083360000000000056e+01	8.756510762696520037e-27
1.084110000000000085e+01	8.756510762696520037e-27
1.084200000000000053e+01	8.756510762696520037e-27
1.086229999999999940e+01	8.756510762696520037e-27
1.087199999999999989e+01	8.756510762696520037e-27
1.089100000000000001e+01	8.756510762696520037e-27
1.091980000000000040e+01	8.756510762696520037e-27
1.094849999999999923e+01	8.756510762696520037e-27
1.095199999999999996e+01	8.756510762696520037e-27
1.097719999999999985e+01	8.756510762696520037e-27
1.100200000000000067e+01	8.756510762696520037e-27
1.101999999999999957e+01	8.756510762696520037e-27
1.108629999999999960e+01	8.756510762696520037e-27
1.111999999999999922e+01	8.756510762696520037e-27
1.117200000000000060e+01	8.756510762696520037e-27
1.119549999999999912e+01	8.756510762696520037e-27
1.122000000000000064e+01	8.756510762696520037e-27
1.130460000000000065e+01	8.756510762696520037e-27
1.132000000000000028e+01	8.756510762696520037e-27
1.134299999999999997e+01	8.756510762696520037e-27
1.141380000000000017e+01	8.756510762696520037e-27
1.141999999999999993e+01	8.756510762696520037e-27
1.145299999999999940e+01	8.756510762696520037e-27
1.151999999999999957e+01	8.756510762696520037e-27
1.152289999999999992e+01	8.756510762696520037e-27
1.154299999999999926e+01	8.756510762696520037e-27
1.161999999999999922e+01	8.756510762696520037e-27
1.163209999999999944e+01	8.756510762696520037e-27
1.165300000000000047e+01	8.756510762696520037e-27
1.172000000000000064e+01	8.756510762696520037e-27
1.173300000000000054e+01	8.756510762696520037e-27
1.174119999999999919e+01	8.756510762696520037e-27
1.181300000000000061e+01	8.756510762696520037e-27
1.182000000000000028e+01	8.756510762696520037e-27
1.185040000000000049e+01	8.756510762696520037e-27
1.190300000000000047e+01	8.756510762696520037e-27
1.191999999999999993e+01	8.756510762696520037e-27
1.192300000000000004e+01	8.756510762696520037e-27
1.193299999999999983e+01	8.756510762696520037e-27
1.194299999999999962e+01	8.756510762696520037e-27
1.195299999999999940e+01	8.756510762696520037e-27
1.195950000000000024e+01	8.756510762696520037e-27
1.199300000000000033e+01	8.756510762696520037e-27
1.200300000000000011e+01	8.756510762696520037e-27
1.201299999999999990e+01	8.756510762696520037e-27
1.206869999999999976e+01	8.756510762696520037e-27
1.209929999999999950e+01	8.756510762696520037e-27
1.212989999999999924e+01	8.756510762696520037e-27
1.216060000000000052e+01	8.756510762696520037e-27
1.219120000000000026e+01	8.756510762696520037e-27
1.219299999999999962e+01	8.756510762696520037e-27
1.222180000000000000e+01	8.756510762696520037e-27
1.225239999999999974e+01	8.756510762696520037e-27
1.228309999999999924e+01	8.756510762696520037e-27
1.231370000000000076e+01	8.756510762696520037e-27
1.234430000000000049e+01	8.756510762696520037e-27
1.237299999999999933e+01	8.756510762696520037e-27
1.237490000000000023e+01	8.756510762696520037e-27
1.240559999999999974e+01	8.756510762696520037e-27
1.243619999999999948e+01	8.756510762696520037e-27
1.246679999999999922e+01	8.756510762696520037e-27
1.249740000000000073e+01	8.756510762696520037e-27
1.252810000000000024e+01	8.756510762696520037e-27
1.254299999999999926e+01	8.756510762696520037e-27
1.263719999999999999e+01	8.756510762696520037e-27
1.271299999999999919e+01	8.756510762696520037e-27
1.274639999999999951e+01	8.756510762696520037e-27
1.285549999999999926e+01	8.756510762696520037e-27
1.288299999999999912e+01	8.756510762696520037e-27
1.296470000000000056e+01	8.756510762696520037e-27
1.304299999999999926e+01	8.756510762696520037e-27
1.305300000000000082e+01	8.756510762696520037e-27
1.307380000000000031e+01	8.756510762696520037e-27
1.318299999999999983e+01	8.756510762696520037e-27
1.324300000000000033e+01	8.756510762696520037e-27
1.329209999999999958e+01	8.756510762696520037e-27
1.330300000000000082e+01	8.756510762696520037e-27
1.334299999999999997e+01	8.756510762696520037e-27
1.340119999999999933e+01	8.756510762696520037e-27
1.351040000000000063e+01	8.756510762696520037e-27
1.352299999999999969e+01	8.756510762696520037e-27
1.356300000000000061e+01	8.756510762696520037e-27
1.361950000000000038e+01	8.756510762696520037e-27
1.371139999999999937e+01	8.756510762696520037e-27
1.375300000000000011e+01	8.756510762696520037e-27
1.376299999999999990e+01	8.756510762696520037e-27
1.380330000000000013e+01	8.756510762696520037e-27
1.385299999999999976e+01	8.756510762696520037e-27
1.388299999999999912e+01	8.756510762696520037e-27
1.389520000000000088e+01	8.756510762696520037e-27
1.398700000000000010e+01	8.756510762696520037e-27
1.405300000000000082e+01	8.756510762696520037e-27
1.406300000000000061e+01	8.756510762696520037e-27
1.407890000000000086e+01	8.756510762696520037e-27
1.422300000000000075e+01	8.756510762696520037e-27
1.423300000000000054e+01	8.756510762696520037e-27
1.424300000000000033e+01	8.756510762696520037e-27
1.429299999999999926e+01	8.756510762696520037e-27
1.437299999999999933e+01	8.756510762696520037e-27
1.439300000000000068e+01	8.756510762696520037e-27
1.440300000000000047e+01	8.756510762696520037e-27
1.443299999999999983e+01	8.756510762696520037e-27
1.444280000000000008e+01	8.756510762696520037e-27
1.446299999999999919e+01	8.756510762696520037e-27
1.462299999999999933e+01	8.756510762696520037e-27
1.477299999999999969e+01	8.756510762696520037e-27
1.480659999999999954e+01	8.756510762696520037e-27
1.507300000000000040e+01	8.756510762696520037e-27
1.509299999999999997e+01	8.756510762696520037e-27
1.517040000000000077e+01	8.756510762696520037e-27
1.517300000000000004e+01	8.756510762696520037e-27
1.519299999999999962e+01	8.756510762696520037e-27
1.534399999999999942e+01	8.756510762696520037e-27
1.535399999999999920e+01	8.756510762696520037e-27
1.540010000000000012e+01	8.756510762696520037e-27
1.551399999999999935e+01	8.756510762696520037e-27
1.552399999999999913e+01	8.756510762696520037e-27
1.562979999999999947e+01	8.756510762696520037e-27
1.564400000000000013e+01	8.756510762696520037e-27
1.566399999999999970e+01	8.756510762696520037e-27
1.568399999999999928e+01	8.756510762696520037e-27
1.582399999999999984e+01	8.756510762696520037e-27
1.594400000000000084e+01	8.756510762696520037e-27
1.599360000000000070e+01	8.756510762696520037e-27
1.622400000000000020e+01	8.756510762696520037e-27
1.631400000000000006e+01	8.756510762696520037e-27
1.635750000000000171e+01	8.756510762696520037e-27
1.649399999999999977e+01	8.756510762696520037e-27
1.663400000000000034e+01	8.756510762696520037e-27
1.664399999999999835e+01	8.756510762696520037e-27
1.668400000000000105e+01	8.756510762696520037e-27
1.672129999999999939e+01	8.756510762696520037e-27
1.683399999999999963e+01	8.756510762696520037e-27
1.695100000000000051e+01	8.756510762696520037e-27
1.698400000000000176e+01	8.756510762696520037e-27
1.715399999999999991e+01	8.756510762696520037e-27
1.718070000000000164e+01	8.756510762696520037e-27
1.734400000000000119e+01	8.756510762696520037e-27
1.753399999999999892e+01	8.756510762696520037e-27
1.754449999999999932e+01	8.756510762696520037e-27
1.768400000000000105e+01	8.756510762696520037e-27
1.790830000000000055e+01	8.756510762696520037e-27
1.796399999999999864e+01	8.756510762696520037e-27
1.798400000000000176e+01	8.756510762696520037e-27
1.808399999999999963e+01	8.756510762696520037e-27
1.827220000000000155e+01	8.756510762696520037e-27
1.831400000000000006e+01	8.756510762696520037e-27
1.832400000000000162e+01	8.756510762696520037e-27
1.833399999999999963e+01	8.756510762696520037e-27
1.834400000000000119e+01	8.756510762696520037e-27
1.838400000000000034e+01	8.756510762696520037e-27
1.840399999999999991e+01	8.756510762696520037e-27
1.849399999999999977e+01	8.756510762696520037e-27
1.850189999999999912e+01	8.756510762696520037e-27
1.851399999999999935e+01	8.756510762696520037e-27
1.865399999999999991e+01	8.756510762696520037e-27
1.868400000000000105e+01	8.756510762696520037e-27
1.873150000000000048e+01	8.756510762696520037e-27
1.880399999999999849e+01	8.756510762696520037e-27
1.885399999999999920e+01	8.756510762696520037e-27
1.887399999999999878e+01	8.756510762696520037e-27
1.889399999999999835e+01	8.756510762696520037e-27
1.899399999999999977e+01	8.756510762696520037e-27
1.900400000000000134e+01	8.756510762696520037e-27
1.909540000000000148e+01	8.756510762696520037e-27
1.917399999999999949e+01	8.756510762696520037e-27
1.918400000000000105e+01	8.756510762696520037e-27
1.920400000000000063e+01	8.756510762696520037e-27
1.922400000000000020e+01	8.756510762696520037e-27
1.931289999999999907e+01	8.756510762696520037e-27
