0.000000000000000000e+00	9.999999970145341255e-01
9.999199999999999755e-03	9.999999969489041796e-01
1.999949999999999992e-02	9.999999968818242824e-01
3.999989999999999796e-02	9.999999967432089409e-01
4.999920000000000059e-02	9.999999966716139888e-01
1.100000000000000006e-01	9.999999962077161797e-01
1.210750000000000021e-01	9.999999961152714612e-01
3.399989999999999957e-01	9.999999937465005040e-01
4.849069999999999769e-01	9.999999914300000681e-01
5.099989999999999801e-01	9.999999914399980705e-01
6.699990000000000112e-01	9.999999933280003805e-01
8.299999999999999600e-01	9.999999898616350746e-01
8.487390000000000212e-01	9.999999894297094682e-01
9.899999999999999911e-01	9.999999855408965299e-01
1.149999999999999911e+00	9.999999794230738370e-01
1.212569999999999926e+00	9.999999763931556318e-01
1.310000000000000053e+00	9.999999707878586275e-01
1.442260000000000097e+00	9.999999610250112081e-01
1.469999999999999973e+00	9.999999586017606079e-01
1.629999999999999893e+00	9.999999414158192712e-01
1.671950000000000047e+00	9.999999358465149202e-01
1.909999999999999920e+00	9.999998928553951449e-01
2.035779999999999923e+00	9.999998595041721394e-01
2.189999999999999947e+00	9.999998037949472396e-01
2.370000000000000107e+00	9.999997104840038231e-01
2.390000000000000124e+00	9.999996991095841947e-01
2.399610000000000021e+00	9.999996942962732227e-01
2.399999999999999911e+00	9.999996940910423904e-01
2.410000000000000142e+00	9.999996875185119816e-01
2.419999999999999929e+00	9.999996800103376771e-01
2.430000000000000160e+00	9.999996722780210012e-01
2.439999999999999947e+00	9.999996639352116690e-01
2.490000000000000213e+00	9.999996225926220950e-01
2.509999999999999787e+00	9.999996055459549060e-01
2.580000000000000071e+00	9.999995411639284182e-01
2.589999999999999858e+00	9.999995311952223354e-01
2.763440000000000119e+00	9.999993176703569908e-01
2.799999999999999822e+00	9.999992611417699573e-01
2.810000000000000053e+00	9.999992449858322585e-01
2.819999999999999840e+00	9.999992285194893027e-01
2.830000000000000071e+00	9.999992119320244566e-01
2.839999999999999858e+00	9.999991950115293404e-01
2.850000000000000089e+00	9.999991775974061969e-01
2.859999999999999876e+00	9.999991586768479657e-01
2.870000000000000107e+00	9.999991389339089043e-01
2.879999999999999893e+00	9.999991188208534609e-01
2.890000000000000124e+00	9.999990981197892648e-01
2.919999999999999929e+00	9.999990363933262127e-01
2.930000000000000160e+00	9.999990165301937406e-01
2.939999999999999947e+00	9.999989958641812837e-01
2.950000000000000178e+00	9.999989747143460672e-01
2.959999999999999964e+00	9.999989529490177498e-01
2.970000000000000195e+00	9.999989294744491275e-01
2.979999999999999982e+00	9.999989043294735813e-01
2.990000000000000213e+00	9.999988791576503999e-01
2.993129999999999846e+00	9.999988712534146895e-01
3.000000000000000000e+00	9.999988537436977909e-01
3.009999999999999787e+00	9.999988276518627650e-01
3.020000000000000018e+00	9.999988011015922273e-01
3.029999999999999805e+00	9.999987743072220603e-01
3.040000000000000036e+00	9.999987468342960151e-01
3.049999999999999822e+00	9.999987187769185937e-01
3.060000000000000053e+00	9.999986902036721581e-01
3.069999999999999840e+00	9.999986610719456825e-01
3.080000000000000071e+00	9.999986315246418567e-01
3.089999999999999858e+00	9.999986013292231357e-01
3.100000000000000089e+00	9.999985703733534903e-01
3.109999999999999876e+00	9.999985384981017189e-01
3.120000000000000107e+00	9.999985057929108301e-01
3.129999999999999893e+00	9.999984722021140193e-01
3.140000000000000124e+00	9.999984376047960088e-01
3.149999999999999911e+00	9.999984022089160041e-01
3.180000000000000160e+00	9.999982898456228897e-01
3.189999999999999947e+00	9.999982509721816459e-01
3.200000000000000178e+00	9.999982115434280505e-01
3.222820000000000018e+00	9.999981193704667870e-01
3.400999999999999801e+00	9.999972340863907405e-01
3.586650000000000116e+00	9.999958755284255041e-01
3.600999999999999979e+00	9.999957477306110620e-01
3.670999999999999819e+00	9.999950413934850513e-01
3.681000000000000050e+00	9.999949265679621835e-01
3.690999999999999837e+00	9.999948112079236617e-01
3.701000000000000068e+00	9.999946941636882469e-01
3.710999999999999854e+00	9.999945763435034163e-01
3.721000000000000085e+00	9.999944570973747782e-01
3.730999999999999872e+00	9.999943353730972317e-01
3.741000000000000103e+00	9.999942119783939987e-01
3.750999999999999890e+00	9.999940874359131149e-01
3.761000000000000121e+00	9.999939631621016511e-01
3.781000000000000139e+00	9.999936954322615756e-01
3.790999999999999925e+00	9.999935549815341940e-01
3.801000000000000156e+00	9.999934094935620799e-01
3.810999999999999943e+00	9.999932594846098199e-01
3.821000000000000174e+00	9.999931090659628374e-01
3.830999999999999961e+00	9.999929608734570152e-01
3.841000000000000192e+00	9.999928089024411326e-01
3.850999999999999979e+00	9.999926558532534759e-01
3.880999999999999783e+00	9.999921726428832036e-01
3.940999999999999837e+00	9.999910997088944375e-01
3.950480000000000214e+00	9.999909454677211595e-01
3.971000000000000085e+00	9.999906158383748966e-01
3.980999999999999872e+00	9.999904438548035124e-01
3.991000000000000103e+00	9.999902539033023174e-01
4.001000000000000334e+00	9.999900322695131072e-01
4.011000000000000121e+00	9.999897896663239028e-01
4.020999999999999908e+00	9.999895395796538633e-01
4.030999999999999694e+00	9.999892744965165337e-01
4.041000000000000369e+00	9.999890071272822256e-01
4.060999999999999943e+00	9.999884909856766591e-01
4.121000000000000441e+00	9.999868791081063524e-01
4.131000000000000227e+00	9.999865904660220073e-01
4.160999999999999588e+00	9.999857226512651742e-01
4.171000000000000263e+00	9.999854023031605754e-01
4.181000000000000050e+00	9.999850725506548299e-01
4.190999999999999837e+00	9.999847346164806305e-01
4.200999999999999623e+00	9.999843969091114504e-01
4.221000000000000085e+00	9.999837661240904563e-01
4.230999999999999872e+00	9.999834342744149396e-01
4.240999999999999659e+00	9.999830722659062143e-01
4.251000000000000334e+00	9.999826849387586369e-01
4.261000000000000121e+00	9.999822872890060665e-01
4.270999999999999908e+00	9.999818524983400403e-01
4.280999999999999694e+00	9.999814192856610884e-01
4.291000000000000369e+00	9.999810022829574985e-01
4.301000000000000156e+00	9.999805873660827515e-01
4.314320000000000377e+00	9.999800088488648431e-01
4.331000000000000405e+00	9.999793112884649560e-01
4.341000000000000192e+00	9.999788603698838152e-01
4.400999999999999801e+00	9.999758106410392422e-01
4.406189999999999607e+00	9.999755217986369127e-01
4.410999999999999588e+00	9.999752563654772386e-01
4.421000000000000263e+00	9.999747076756957398e-01
4.431000000000000050e+00	9.999741713478119687e-01
4.450999999999999623e+00	9.999731718577270501e-01
4.461000000000000298e+00	9.999726085811661003e-01
4.471000000000000085e+00	9.999720234652069717e-01
4.480999999999999872e+00	9.999714205424868885e-01
4.490999999999999659e+00	9.999707901618758443e-01
4.498070000000000235e+00	9.999703299776182552e-01
4.570999999999999730e+00	9.999651735795282992e-01
4.589940000000000353e+00	9.999636305555472671e-01
4.631000000000000227e+00	9.999602577270877424e-01
4.681820000000000093e+00	9.999558175677849547e-01
4.740999999999999659e+00	9.999494857804757109e-01
4.751000000000000334e+00	9.999484226835615441e-01
4.761000000000000121e+00	9.999473871050054141e-01
4.770999999999999908e+00	9.999464061223685141e-01
4.773690000000000211e+00	9.999461457783085372e-01
4.780999999999999694e+00	9.999453994214414498e-01
4.791000000000000369e+00	9.999442125633807299e-01
4.801000000000000156e+00	9.999429248783588964e-01
4.810999999999999943e+00	9.999415989868851717e-01
4.820999999999999730e+00	9.999401322036677309e-01
4.831000000000000405e+00	9.999386530081610935e-01
4.841000000000000192e+00	9.999371808495745029e-01
4.850999999999999979e+00	9.999357257584677861e-01
4.871000000000000441e+00	9.999328370835018909e-01
4.881000000000000227e+00	9.999313635934986566e-01
4.882839999999999847e+00	9.999310885750112288e-01
4.891000000000000014e+00	9.999298654671955333e-01
4.900999999999999801e+00	9.999283521742143854e-01
4.910999999999999588e+00	9.999268101036472567e-01
4.921000000000000263e+00	9.999252560245905919e-01
4.931000000000000050e+00	9.999236999875318332e-01
4.940999999999999837e+00	9.999221296776943380e-01
4.950999999999999623e+00	9.999205591898445711e-01
4.961000000000000298e+00	9.999191801673470437e-01
4.971000000000000085e+00	9.999176269182651344e-01
4.980999999999999872e+00	9.999158305745441400e-01
4.990999999999999659e+00	9.999138155846332143e-01
4.991990000000000371e+00	9.999136052769979077e-01
5.001000000000000334e+00	9.999116962568808109e-01
5.011000000000000121e+00	9.999096756452675594e-01
5.020999999999999908e+00	9.999079196465080477e-01
5.030999999999999694e+00	9.999059912206804679e-01
5.041000000000000369e+00	9.999034175850786133e-01
5.051000000000000156e+00	9.999006776521265349e-01
5.060999999999999943e+00	9.998976548047221469e-01
5.070999999999999730e+00	9.998935480381379026e-01
5.081000000000000405e+00	9.998891558041772543e-01
5.091000000000000192e+00	9.998854777512267145e-01
5.100999999999999979e+00	9.998819331242193575e-01
5.101140000000000008e+00	9.998818825525537246e-01
5.110999999999999766e+00	9.998785762237434316e-01
5.121000000000000441e+00	9.998761101923056005e-01
5.131000000000000227e+00	9.998745071994107336e-01
5.141000000000000014e+00	9.998721924810431982e-01
5.150999999999999801e+00	9.998697008957896371e-01
5.160999999999999588e+00	9.998668764379490259e-01
5.171000000000000263e+00	9.998638906976087259e-01
5.181000000000000050e+00	9.998611498773052331e-01
5.190999999999999837e+00	9.998584350225644402e-01
5.200999999999999623e+00	9.998553337326611112e-01
5.210289999999999644e+00	9.998521539575582207e-01
5.211000000000000298e+00	9.998519244902278613e-01
5.221000000000000085e+00	9.998488142163997061e-01
5.230999999999999872e+00	9.998455976710338700e-01
5.240999999999999659e+00	9.998422548348606664e-01
5.251000000000000334e+00	9.998386337433433635e-01
5.261000000000000121e+00	9.998347492119533664e-01
5.270999999999999908e+00	9.998308640263142699e-01
5.280999999999999694e+00	9.998263125746601476e-01
5.291000000000000369e+00	9.998216960185620783e-01
5.301000000000000156e+00	9.998176224350551200e-01
5.310999999999999943e+00	9.998137180573888338e-01
5.319440000000000168e+00	9.998101512954424841e-01
5.320999999999999730e+00	9.998094775357597719e-01
5.331000000000000405e+00	9.998055412095667727e-01
5.341000000000000192e+00	9.998021854139536035e-01
5.350999999999999979e+00	9.997983852004146410e-01
5.360999999999999766e+00	9.997947624199582384e-01
5.381000000000000227e+00	9.997876498999946904e-01
5.391000000000000014e+00	9.997832652457376845e-01
5.400999999999999801e+00	9.997785448811318254e-01
5.410999999999999588e+00	9.997736449759762056e-01
5.421000000000000263e+00	9.997687037623989026e-01
5.428589999999999804e+00	9.997651491427095305e-01
5.431000000000000050e+00	9.997640689336885211e-01
5.440999999999999837e+00	9.997600566999007565e-01
5.450999999999999623e+00	9.997564171723197779e-01
5.461000000000000298e+00	9.997516866827335091e-01
5.471000000000000085e+00	9.997456082526228194e-01
5.480999999999999872e+00	9.997380747427625503e-01
5.490999999999999659e+00	9.997296496291205870e-01
5.501000000000000334e+00	9.997211361844928756e-01
5.511000000000000121e+00	9.997134087673870129e-01
5.520999999999999908e+00	9.997067013652275458e-01
5.530999999999999694e+00	9.997008636417926697e-01
5.537740000000000329e+00	9.996971634861560041e-01
5.551000000000000156e+00	9.996895930605067537e-01
5.560999999999999943e+00	9.996832668723377724e-01
5.631000000000000227e+00	9.996354819847271811e-01
5.646889999999999965e+00	9.996242845562123280e-01
5.681000000000000050e+00	9.995968663986428693e-01
5.690999999999999837e+00	9.995886590446365627e-01
5.700999999999999623e+00	9.995805711249274861e-01
5.711000000000000298e+00	9.995722167489112797e-01
5.721000000000000085e+00	9.995637432673425415e-01
5.730999999999999872e+00	9.995553483227817004e-01
5.740999999999999659e+00	9.995478862873731218e-01
5.751000000000000334e+00	9.995388885924281208e-01
5.756039999999999601e+00	9.995339164319698710e-01
5.761000000000000121e+00	9.995288993321225224e-01
5.770999999999999908e+00	9.995183035274665118e-01
5.780999999999999694e+00	9.995062285451292716e-01
5.801000000000000156e+00	9.994800895167854637e-01
5.810999999999999943e+00	9.994687100065610119e-01
5.850999999999999979e+00	9.994194947498448167e-01
5.865190000000000126e+00	9.994007764487548018e-01
5.891000000000000014e+00	9.993682264781500457e-01
5.895809999999999995e+00	9.993623231652825067e-01
5.926440000000000374e+00	9.993206507721413834e-01
5.940999999999999837e+00	9.992981016417085138e-01
5.950999999999999623e+00	9.992822463623205476e-01
5.957060000000000244e+00	9.992727152498537269e-01
5.961000000000000298e+00	9.992666245669212799e-01
5.971000000000000085e+00	9.992515805326540601e-01
5.987689999999999735e+00	9.992287148644811712e-01
6.001000000000000334e+00	9.992092061537886094e-01
6.011000000000000121e+00	9.991978584568819155e-01
6.018309999999999604e+00	9.991947387472219777e-01
6.020999999999999908e+00	9.991931210901867644e-01
6.030999999999999694e+00	9.991757888639796192e-01
6.041000000000000369e+00	9.991453936678362791e-01
6.048939999999999984e+00	9.991198628970393569e-01
6.051000000000000156e+00	9.991131013978763464e-01
6.060999999999999943e+00	9.990770180332191330e-01
6.070999999999999730e+00	9.990359139562574597e-01
6.079559999999999853e+00	9.990083567256270447e-01
6.081000000000000405e+00	9.990055119880617562e-01
6.091000000000000192e+00	9.989930028517629568e-01
6.100999999999999979e+00	9.989816114890772702e-01
6.110190000000000232e+00	9.989712316073011689e-01
6.110999999999999766e+00	9.989704759174551363e-01
6.121000000000000441e+00	9.989625354521914913e-01
6.131000000000000227e+00	9.989464471458177064e-01
6.140810000000000102e+00	9.989246414837136268e-01
6.141000000000000014e+00	9.989241979680418826e-01
6.150999999999999801e+00	9.988986998115571003e-01
6.160999999999999588e+00	9.988692074437366397e-01
6.171000000000000263e+00	9.988359739808345683e-01
6.171439999999999593e+00	9.988345122095526607e-01
6.181000000000000050e+00	9.988058567354217709e-01
6.190999999999999837e+00	9.987830011563816335e-01
6.200999999999999623e+00	9.987578617043587625e-01
6.202060000000000350e+00	9.987551327654051736e-01
6.211000000000000298e+00	9.987320435676840802e-01
6.221000000000000085e+00	9.987057172858228027e-01
6.232689999999999841e+00	9.986740648730955128e-01
6.263309999999999711e+00	9.985804745493704893e-01
6.274000000000000021e+00	9.985461807045346028e-01
6.293940000000000090e+00	9.984801338272036864e-01
6.324559999999999960e+00	9.983737163454660113e-01
6.341440000000000410e+00	9.983126004441298385e-01
6.408890000000000420e+00	9.980508747251729540e-01
6.431000000000000050e+00	9.979593199638441270e-01
6.433709999999999596e+00	9.979477497181266088e-01
6.471000000000000085e+00	9.977717235441107002e-01
6.476329999999999920e+00	9.977451218537439770e-01
6.501000000000000334e+00	9.976210279541075643e-01
6.511000000000000121e+00	9.975691855661041885e-01
6.542860000000000120e+00	9.973886103126329283e-01
6.543779999999999930e+00	9.973833198561099511e-01
6.581000000000000405e+00	9.971679870542776714e-01
6.611220000000000319e+00	9.969818515959203431e-01
6.650999999999999801e+00	9.966962315114736848e-01
6.652009999999999756e+00	9.966886762654141307e-01
6.671000000000000263e+00	9.965488217787424885e-01
6.678670000000000329e+00	9.964937351065074056e-01
6.746109999999999829e+00	9.959570440520552070e-01
6.751000000000000334e+00	9.959104245808678701e-01
6.761000000000000121e+00	9.958167015457844995e-01
6.761160000000000281e+00	9.958151903359758750e-01
6.770999999999999908e+00	9.957256837964710838e-01
6.780999999999999694e+00	9.956341036573513881e-01
6.791000000000000369e+00	9.955377482701484038e-01
6.801000000000000156e+00	9.954332961059602081e-01
6.813550000000000217e+00	9.953034164203170553e-01
6.820999999999999730e+00	9.952206138860916207e-01
6.831000000000000405e+00	9.951097412054249469e-01
6.870309999999999917e+00	9.947120701599225789e-01
6.881000000000000227e+00	9.945986602541295740e-01
6.881000000000000227e+00	9.945986580657667497e-01
6.891000000000000014e+00	9.944898378745012923e-01
6.900999999999999801e+00	9.943791289892293106e-01
6.910999999999999588e+00	9.942679527527591432e-01
6.921000000000000263e+00	9.941545926933391675e-01
6.931000000000000050e+00	9.940397558690882152e-01
6.940999999999999837e+00	9.939207758758031863e-01
6.950999999999999623e+00	9.937947988775471808e-01
6.961000000000000298e+00	9.936591763510294051e-01
6.971000000000000085e+00	9.935123821389364451e-01
6.979460000000000441e+00	9.933855590274730529e-01
6.980999999999999872e+00	9.933621742111934383e-01
6.990999999999999659e+00	9.932105506669123285e-01
7.001000000000000334e+00	9.930849849193246204e-01
7.011000000000000121e+00	9.929619739569549575e-01
7.020999999999999908e+00	9.928730228833592131e-01
7.030999999999999694e+00	9.927984338595546854e-01
7.041000000000000369e+00	9.927119780610370592e-01
7.051000000000000156e+00	9.927365844780845494e-01
7.060999999999999943e+00	9.926406725982591661e-01
7.070999999999999730e+00	9.924628257719914082e-01
7.081000000000000405e+00	9.922405791965511757e-01
7.088610000000000078e+00	9.920386295585210679e-01
7.091000000000000192e+00	9.919657012799606433e-01
7.110999999999999766e+00	9.912437199775986363e-01
7.141000000000000014e+00	9.904745515608122108e-01
7.150999999999999801e+00	9.902345685253232110e-01
7.160999999999999588e+00	9.899621930782626089e-01
7.171000000000000263e+00	9.898156159186110026e-01
7.190999999999999837e+00	9.887773667299474267e-01
7.197759999999999714e+00	9.883888000459045697e-01
7.200999999999999623e+00	9.882011296905230946e-01
7.211000000000000298e+00	9.876095719040823839e-01
7.221000000000000085e+00	9.869826355596712508e-01
7.230999999999999872e+00	9.865244325151512061e-01
7.240999999999999659e+00	9.864746142071485480e-01
7.251000000000000334e+00	9.862006418300127697e-01
7.261000000000000121e+00	9.859996668269535025e-01
7.270999999999999908e+00	9.858156229708245899e-01
7.282000000000000028e+00	9.855576223308729622e-01
7.291999999999999815e+00	9.853022639318629317e-01
7.301999999999999602e+00	9.850349892119416584e-01
7.306910000000000238e+00	9.849135796743413440e-01
7.312000000000000277e+00	9.847978495124302123e-01
7.322000000000000064e+00	9.845619177542292988e-01
7.331999999999999851e+00	9.843478429973785415e-01
7.341999999999999638e+00	9.841481905746360948e-01
7.352000000000000313e+00	9.839362650202445604e-01
7.362000000000000099e+00	9.836729515479887276e-01
7.371999999999999886e+00	9.833898048848632722e-01
7.377609999999999779e+00	9.832372463792484751e-01
7.381999999999999673e+00	9.831119625548523366e-01
7.385729999999999684e+00	9.830018059244983730e-01
7.392000000000000348e+00	9.828242761524067506e-01
7.393849999999999589e+00	9.827740303954936030e-01
7.401959999999999873e+00	9.825515462879671480e-01
7.402000000000000135e+00	9.825506420290702758e-01
7.410079999999999778e+00	9.824130750729067607e-01
7.411999999999999922e+00	9.823838714772664682e-01
7.416059999999999874e+00	9.823012661527689149e-01
7.418199999999999683e+00	9.822455524762887524e-01
7.421999999999999709e+00	9.821235216587085315e-01
7.426319999999999588e+00	9.819471904779224491e-01
7.432000000000000384e+00	9.816560159379231765e-01
7.434429999999999872e+00	9.815130965114970962e-01
7.442000000000000171e+00	9.810132089277064926e-01
7.442549999999999777e+00	9.809749987256278780e-01
7.444770000000000110e+00	9.808231275489351919e-01
7.450669999999999682e+00	9.804311261992937343e-01
7.451999999999999957e+00	9.803275025202293769e-01
7.458779999999999966e+00	9.793479298513780851e-01
7.461999999999999744e+00	9.787401681312117852e-01
7.466899999999999871e+00	9.779072729781292939e-01
7.472000000000000419e+00	9.772534346156215301e-01
7.473480000000000345e+00	9.771117939486705373e-01
7.475019999999999776e+00	9.769828755376146479e-01
7.482000000000000206e+00	9.765542578166866994e-01
7.483139999999999681e+00	9.765007167645235464e-01
7.491249999999999964e+00	9.761914926509921431e-01
7.491999999999999993e+00	9.761725212136974639e-01
7.499369999999999870e+00	9.761471779766498491e-01
7.502189999999999692e+00	9.762292094933968656e-01
7.507489999999999775e+00	9.765475174338309472e-01
7.515600000000000058e+00	9.776479452702498962e-01
7.523719999999999963e+00	9.782183314856948142e-01
7.530899999999999928e+00	9.779788038473354872e-01
7.531839999999999868e+00	9.779481694788598745e-01
7.539959999999999773e+00	9.776802452208142036e-01
7.548070000000000057e+00	9.773754490540488282e-01
7.556189999999999962e+00	9.770067130316001380e-01
7.559619999999999784e+00	9.768422569819625867e-01
7.564309999999999867e+00	9.766085601730414290e-01
7.572420000000000151e+00	9.761762940570553049e-01
7.580540000000000056e+00	9.757084433990815819e-01
7.588330000000000020e+00	9.752301997241430431e-01
7.588659999999999961e+00	9.752094834096249887e-01
7.596779999999999866e+00	9.746913115753893520e-01
7.604890000000000150e+00	9.740875726266837731e-01
7.613010000000000055e+00	9.733497081074634627e-01
7.617040000000000255e+00	9.729446461009023661e-01
7.621129999999999960e+00	9.725107624474165213e-01
7.629240000000000244e+00	9.716071604908503856e-01
7.637360000000000149e+00	9.706196308858826560e-01
7.645480000000000054e+00	9.695676149763392537e-01
7.645749999999999602e+00	9.695320741721143998e-01
7.653599999999999959e+00	9.684833511508791348e-01
7.661710000000000242e+00	9.673910106866117076e-01
7.669830000000000148e+00	9.663189424896846402e-01
7.671999999999999709e+00	9.660380351614599181e-01
7.674459999999999837e+00	9.657238818189964880e-01
7.677950000000000053e+00	9.652902167371480990e-01
7.686060000000000336e+00	9.643441297313164462e-01
7.694180000000000241e+00	9.635007116081832912e-01
7.703170000000000073e+00	9.626489515307953271e-01
7.706000000000000405e+00	9.623311715438788161e-01
7.724289999999999878e+00	9.604612563434361538e-01
7.731880000000000308e+00	9.597511015129708278e-01
7.742580000000000240e+00	9.587911172394080195e-01
7.760589999999999655e+00	9.571977576668321275e-01
7.760869999999999713e+00	9.571739576738456101e-01
7.779169999999999696e+00	9.556823301889725286e-01
7.789299999999999891e+00	9.548519070408058029e-01
7.797460000000000058e+00	9.541842813757306363e-01
7.815750000000000419e+00	9.526695938791295282e-01
7.818010000000000126e+00	9.524793438799322720e-01
7.834039999999999893e+00	9.511249637497681819e-01
7.846720000000000361e+00	9.500325937120513986e-01
7.852000000000000313e+00	9.495705685000290774e-01
7.852330000000000254e+00	9.495412850588806908e-01
7.870619999999999727e+00	9.479214156052122586e-01
7.875440000000000218e+00	9.474876134033127784e-01
7.888919999999999710e+00	9.462614994810500946e-01
7.907210000000000072e+00	9.445669059865321460e-01
7.917699999999999960e+00	9.435803486187850364e-01
7.925500000000000433e+00	9.428385089943134290e-01
7.943789999999999907e+00	9.410830062671277085e-01
7.959970000000000212e+00	9.395121255213341183e-01
7.962080000000000268e+00	9.393061236371804679e-01
7.980369999999999742e+00	9.375163227879328431e-01
7.998669999999999725e+00	9.357234857479381773e-01
8.002240000000000464e+00	9.353725572053885884e-01
8.016959999999999198e+00	9.339102313342316775e-01
8.035249999999999559e+00	9.320224271251315029e-01
8.044510000000000716e+00	9.310420037597014753e-01
8.053539999999999921e+00	9.300913013887310843e-01
8.071830000000000283e+00	9.281858705180684455e-01
8.086779999999999191e+00	9.265707011331062448e-01
8.090120000000000644e+00	9.262036270971198970e-01
8.108420000000000627e+00	9.241639614272980641e-01
8.112000000000000099e+00	9.237606400954477825e-01
8.126709999999999212e+00	9.220941308587022878e-01
8.129049999999999443e+00	9.218289256905988216e-01
8.144999999999999574e+00	9.200345613475264805e-01
8.163289999999999935e+00	9.179699888820332943e-01
8.171310000000000073e+00	9.170564352247230211e-01
8.181580000000000297e+00	9.158763348630861723e-01
8.199870000000000658e+00	9.137224717758015702e-01
8.213580000000000325e+00	9.120346030373711610e-01
8.218170000000000641e+00	9.114609163985548657e-01
8.236459999999999226e+00	9.092400404161158356e-01
8.254749999999999588e+00	9.070544974444553210e-01
8.272000000000000242e+00	9.049903970313363244e-01
8.273039999999999949e+00	9.048652271861331586e-01
8.291330000000000311e+00	9.026408215539530877e-01
8.294290000000000163e+00	9.022743224820233277e-01
8.309620000000000672e+00	9.003242981472738826e-01
8.327920000000000655e+00	8.980158931060140404e-01
8.346209999999999241e+00	8.956652212400864066e-01
8.364499999999999602e+00	8.933239809472590665e-01
8.371399999999999508e+00	8.924112693161116994e-01
8.382789999999999964e+00	8.908072847108351455e-01
8.401080000000000325e+00	8.883003921604699649e-01
8.419370000000000687e+00	8.858058377390125582e-01
8.422000000000000597e+00	8.854574248355717714e-01
8.437670000000000670e+00	8.833856292657868980e-01
8.444929999999999382e+00	8.824353581576738215e-01
8.455959999999999255e+00	8.809845733238319543e-01
8.474249999999999616e+00	8.785690585296441757e-01
8.492539999999999978e+00	8.762231343540229922e-01
8.510830000000000339e+00	8.738401141234900527e-01
8.514870000000000161e+00	8.733079249294883883e-01
8.529120000000000701e+00	8.714231004234820332e-01
8.547420000000000684e+00	8.688575292083441370e-01
8.565709999999999269e+00	8.662420301147062407e-01
8.571999999999999176e+00	8.653432742493848417e-01
8.581229999999999691e+00	8.642793513284520168e-01
8.583999999999999631e+00	8.639046214210215346e-01
8.602289999999999992e+00	8.616537106308633787e-01
8.620580000000000354e+00	8.594577378997620976e-01
8.638870000000000715e+00	8.580017772996824110e-01
8.644000000000000128e+00	8.571578320652585292e-01
8.657170000000000698e+00	8.552924523461602480e-01
8.675459999999999283e+00	8.523489111985546041e-01
8.693749999999999645e+00	8.492567345512560539e-01
8.703179999999999694e+00	8.476547824464708558e-01
8.711999999999999744e+00	8.461330324257297919e-01
8.712040000000000006e+00	8.461260545613780160e-01
8.730330000000000368e+00	8.429633827392066792e-01
8.748620000000000729e+00	8.402895048950619339e-01
8.758779999999999788e+00	8.370384041601734992e-01
8.766920000000000712e+00	8.345602922238806176e-01
8.785209999999999297e+00	8.295507201588626645e-01
8.803499999999999659e+00	8.245915004657206060e-01
8.810790000000000788e+00	8.226942377636130566e-01
8.821790000000000020e+00	8.198110945364127655e-01
8.840080000000000382e+00	8.149161995480950216e-01
8.858370000000000744e+00	8.098032598758536649e-01
8.859209999999999141e+00	8.095671967822583026e-01
8.876670000000000726e+00	8.044396463898078053e-01
8.881999999999999673e+00	8.029311735296107422e-01
8.894959999999999312e+00	7.993867334459791030e-01
8.904040000000000177e+00	7.967852566118908131e-01
8.913249999999999673e+00	7.943756536950934422e-01
8.931540000000000035e+00	7.896039122468946347e-01
8.945289999999999964e+00	7.865214198919132649e-01
8.949830000000000396e+00	7.860450765710887966e-01
8.968120000000000758e+00	7.816576205153561441e-01
8.982950000000000657e+00	7.780382073514545693e-01
8.986420000000000741e+00	7.773243632149832161e-01
9.004709999999999326e+00	7.723947495899678994e-01
9.017030000000000101e+00	7.681315095301246565e-01
9.022999999999999687e+00	7.660288224148348313e-01
9.041290000000000049e+00	7.562177703625534431e-01
9.047510000000000829e+00	7.538356889626118829e-01
9.051999999999999602e+00	7.522609657239122116e-01
9.059580000000000410e+00	7.494381289639197030e-01
9.074419999999999931e+00	7.437556110206535731e-01
9.077870000000000772e+00	7.423792185086294237e-01
9.096170000000000755e+00	7.337500347833968428e-01
9.097730000000000317e+00	7.328706769705455315e-01
9.114459999999999340e+00	7.212632236075110503e-01
9.117459999999999454e+00	7.186558331033545688e-01
9.132749999999999702e+00	7.017209869556896296e-01
9.133599999999999497e+00	7.005708930316971728e-01
9.146150000000000446e+00	6.803238098965136427e-01
9.151040000000000063e+00	6.705982438536309820e-01
9.155120000000000147e+00	6.615699912886411349e-01
9.160500000000000753e+00	6.483351649101029013e-01
9.162290000000000489e+00	6.435854120350321672e-01
9.169159999999999755e+00	6.238381508549726284e-01
9.169330000000000425e+00	6.233032957034523314e-01
9.176019999999999399e+00	6.017647786292276146e-01
9.182890000000000441e+00	5.776269284646471380e-01
9.187620000000000786e+00	5.600516257196644920e-01
9.189750000000000085e+00	5.519686725895777135e-01
9.196619999999999351e+00	5.254460812879296894e-01
9.203490000000000393e+00	4.988364210962301648e-01
9.205920000000000769e+00	4.895574516889720784e-01
9.210350000000000037e+00	4.729572225590323864e-01
9.217219999999999303e+00	4.484691219185759081e-01
9.224080000000000723e+00	4.259296923614880326e-01
9.224209999999999354e+00	4.255406897629494534e-01
9.230949999999999989e+00	4.056701175857134745e-01
9.232739999999999725e+00	4.007742644960004541e-01
9.238120000000000331e+00	3.870896854807463483e-01
9.242000000000000881e+00	3.781477107000614790e-01
9.242499999999999716e+00	3.770483513615309201e-01
9.247090000000000032e+00	3.675328388302245841e-01
9.259639999999999205e+00	3.460489514107505937e-01
9.260790000000000077e+00	3.443805167913845389e-01
9.275779999999999248e+00	3.264231521186092833e-01
9.279080000000000439e+00	3.232742737339166506e-01
9.295510000000000161e+00	3.106029259827108868e-01
9.297370000000000800e+00	3.094185411463120650e-01
9.315670000000000783e+00	2.995895705886308380e-01
9.318830000000000169e+00	2.981708527779159401e-01
9.333959999999999368e+00	2.919825825604682179e-01
9.345729999999999649e+00	2.877271748455977884e-01
9.352249999999999730e+00	2.855117137602701805e-01
9.370540000000000092e+00	2.796803895144086560e-01
9.376210000000000377e+00	2.779674639598561647e-01
9.388830000000000453e+00	2.742239952291355420e-01
9.407120000000000815e+00	2.690185562561874244e-01
9.410289999999999822e+00	2.681474822241923239e-01
9.422000000000000597e+00	2.649147871122347619e-01
9.425420000000000798e+00	2.639953417621447862e-01
9.443709999999999383e+00	2.591232447043878007e-01
9.447950000000000514e+00	2.580232404958641701e-01
9.461999999999999744e+00	2.543822570228254643e-01
9.480290000000000106e+00	2.497658644343710710e-01
9.489200000000000301e+00	2.475652325225488892e-01
9.498580000000000467e+00	2.452550478640017906e-01
9.516870000000000829e+00	2.408505425292700453e-01
9.534029999999999561e+00	2.368012805932398213e-01
9.535170000000000812e+00	2.365397956782564481e-01
9.541999999999999815e+00	2.349643094221444128e-01
9.553459999999999397e+00	2.323146048881413461e-01
9.571749999999999758e+00	2.281692700876267466e-01
9.582459999999999312e+00	2.257612675123691348e-01
9.590040000000000120e+00	2.240536592557949569e-01
9.608330000000000481e+00	2.200137715479602851e-01
9.626620000000000843e+00	2.160206430069500361e-01
9.634460000000000690e+00	2.143279294518753431e-01
9.644920000000000826e+00	2.120499082941985913e-01
9.663209999999999411e+00	2.081037110952846936e-01
9.681499999999999773e+00	2.041889509474418829e-01
9.690060000000000784e+00	2.023770101240528474e-01
9.692000000000000171e+00	2.019638791364290198e-01
9.699790000000000134e+00	2.003098577052634111e-01
9.718080000000000496e+00	1.964650203579052790e-01
9.736370000000000857e+00	1.926707227699616942e-01
9.749240000000000350e+00	1.900315091018970337e-01
9.754670000000000840e+00	1.889239523785880281e-01
9.772959999999999425e+00	1.852418710091148224e-01
9.791249999999999787e+00	1.816897036102352592e-01
9.809540000000000148e+00	1.782448389773252928e-01
9.812010000000000787e+00	1.777928829153456181e-01
9.827830000000000510e+00	1.749174590291195375e-01
9.842000000000000526e+00	1.723905025388018097e-01
9.846120000000000871e+00	1.716673797094003251e-01
9.864420000000000854e+00	1.684671289935715799e-01
9.878370000000000317e+00	1.660882900123432648e-01
9.882709999999999440e+00	1.653449722873667760e-01
9.900999999999999801e+00	1.623042262721364204e-01
9.919290000000000163e+00	1.593131368476758680e-01
9.937580000000000524e+00	1.563442394380950284e-01
9.948309999999999320e+00	1.546423062525160985e-01
9.955870000000000886e+00	1.534522066942890783e-01
9.974170000000000869e+00	1.506287733685748587e-01
9.992459999999999454e+00	1.478964422961868974e-01
1.001069999999999993e+01	1.452244001705783882e-01
1.002180000000000071e+01	1.436473177737218054e-01
1.002899999999999991e+01	1.426284591971540283e-01
1.004729999999999990e+01	1.400966459320069912e-01
1.006559999999999988e+01	1.375898639046269911e-01
1.008389999999999986e+01	1.351090783360030245e-01
1.009900000000000020e+01	1.330622103658800348e-01
1.010219999999999985e+01	1.326234790955387599e-01
1.012049999999999983e+01	1.301490988179924702e-01
1.013199999999999967e+01	1.286761725143740209e-01
1.013879999999999981e+01	1.277631378904816595e-01
1.015709999999999980e+01	1.254189955192519246e-01
1.017539999999999978e+01	1.230584132985156204e-01
1.017970000000000041e+01	1.226994166652743273e-01
1.019369999999999976e+01	1.207532754496064842e-01
1.021199999999999974e+01	1.182382024450069763e-01
1.022189999999999976e+01	1.168591847386640376e-01
1.023019999999999996e+01	1.157272173824444444e-01
1.024849999999999994e+01	1.133144086837732101e-01
1.026420000000000066e+01	1.113422173001105964e-01
1.026679999999999993e+01	1.110276075229725129e-01
1.028509999999999991e+01	1.087525763494282677e-01
1.030339999999999989e+01	1.067068870320765639e-01
1.030649999999999977e+01	1.061711497167706630e-01
1.031160000000000032e+01	1.052115842078562707e-01
1.032169999999999987e+01	1.038115266420431698e-01
1.032520000000000060e+01	1.033430643689222522e-01
1.033869999999999933e+01	1.015042181455603348e-01
1.033999999999999986e+01	1.013333606550631122e-01
1.034869999999999912e+01	1.001551410476267528e-01
1.035200000000000031e+01	9.972050264924216256e-02
1.035229999999999961e+01	9.967816410070930166e-02
1.036589999999999989e+01	9.787477379899772734e-02
1.037199999999999989e+01	9.698770403179315935e-02
1.037950000000000017e+01	9.582438095500944719e-02
1.039100000000000001e+01	9.408342446956309557e-02
1.039310000000000045e+01	9.377722793585228922e-02
1.040659999999999918e+01	9.186750017865950857e-02
1.042019999999999946e+01	9.008763620656887183e-02
1.043329999999999913e+01	8.849164766536873894e-02
1.043379999999999974e+01	8.843077437362732718e-02
1.044740000000000002e+01	8.690602236969818817e-02
1.046090000000000053e+01	8.538408666700254834e-02
1.047450000000000081e+01	8.368194143058081680e-02
1.047550000000000026e+01	8.355663870854290742e-02
1.048809999999999931e+01	8.214921542329507720e-02
1.049200000000000088e+01	8.175352685019783572e-02
1.050169999999999959e+01	8.085730484701417198e-02
1.050200000000000067e+01	8.082663779715314190e-02
1.051529999999999987e+01	7.966973526353630930e-02
1.051779999999999937e+01	7.947629601606784333e-02
1.052880000000000038e+01	7.869503024558902049e-02
1.054240000000000066e+01	7.754164796522686198e-02
1.054649999999999999e+01	7.715177483390467383e-02
1.055599999999999916e+01	7.623551095628475216e-02
1.056959999999999944e+01	7.482378631312207318e-02
1.057199999999999918e+01	7.457613495384221580e-02
1.057520000000000060e+01	7.424640765922323193e-02
1.058309999999999995e+01	7.343174274972681659e-02
1.059670000000000023e+01	7.178868329839205309e-02
1.060389999999999944e+01	7.110908922419410805e-02
1.061030000000000051e+01	7.051375158994958869e-02
1.062390000000000079e+01	6.919190012620013430e-02
1.063260000000000005e+01	6.831896659793208759e-02
1.063739999999999952e+01	6.781489758801793888e-02
1.065099999999999980e+01	6.631621831507300557e-02
1.066140000000000043e+01	6.503739838872131529e-02
1.066460000000000008e+01	6.461563191976597842e-02
1.067820000000000036e+01	6.260611397629788077e-02
1.069009999999999927e+01	6.052427091103475959e-02
1.069180000000000064e+01	6.019693179129547572e-02
1.070529999999999937e+01	5.728966059946109801e-02
1.071879999999999988e+01	5.383621604342926636e-02
1.071889999999999965e+01	5.379933000170249863e-02
1.073249999999999993e+01	4.983656952951732999e-02
1.074610000000000021e+01	4.564062770360163834e-02
1.074750000000000050e+01	4.520221092392971013e-02
1.075960000000000072e+01	4.157520723468283858e-02
1.077319999999999922e+01	3.796900697115373341e-02
1.077619999999999933e+01	3.726213677464579321e-02
1.078679999999999950e+01	3.500722845286157597e-02
1.080039999999999978e+01	3.270248645056877262e-02
1.080489999999999995e+01	3.206230089962373159e-02
1.081400000000000006e+01	3.093768247124830881e-02
1.082750000000000057e+01	2.957248365522420139e-02
1.083360000000000056e+01	2.906349082755294022e-02
1.084110000000000085e+01	2.849448381608417694e-02
1.084200000000000053e+01	2.843042207974339278e-02
1.086229999999999940e+01	2.713741980566740722e-02
1.087199999999999989e+01	2.660234486290283598e-02
1.089100000000000001e+01	2.564216238833863515e-02
1.091980000000000040e+01	2.433805062579408318e-02
1.094849999999999923e+01	2.313912109402998379e-02
1.095199999999999996e+01	2.299597565318831083e-02
1.097719999999999985e+01	2.200175457959671621e-02
1.100200000000000067e+01	2.105697289634778091e-02
1.101999999999999957e+01	2.039515940816504294e-02
1.108629999999999960e+01	1.812643240528964000e-02
1.111999999999999922e+01	1.706391856343483088e-02
1.117200000000000060e+01	1.552587834998172579e-02
1.119549999999999912e+01	1.486844447924181786e-02
1.122000000000000064e+01	1.420394953202791521e-02
1.130460000000000065e+01	1.209839763354104460e-02
1.132000000000000028e+01	1.174568767063535399e-02
1.134299999999999997e+01	1.123760637249793248e-02
1.141380000000000017e+01	9.802207306956862987e-03
1.141999999999999993e+01	9.684007560022503749e-03
1.145299999999999940e+01	9.079682659955557594e-03
1.151999999999999957e+01	7.959962202685667843e-03
1.152289999999999992e+01	7.914812638127193684e-03
1.154299999999999926e+01	7.610830411950189091e-03
1.161999999999999922e+01	6.541083401965848247e-03
1.163209999999999944e+01	6.384730836396349668e-03
1.165300000000000047e+01	6.121282253538160543e-03
1.172000000000000064e+01	5.346074045758695582e-03
1.173300000000000054e+01	5.209205048405311615e-03
1.174119999999999919e+01	5.122670094144890843e-03
1.181300000000000061e+01	4.416096887654963853e-03
1.182000000000000028e+01	4.353374576206435996e-03
1.185040000000000049e+01	4.088867102184990006e-03
1.190300000000000047e+01	3.697004508527687670e-03
1.191999999999999993e+01	3.631052270735840061e-03
1.192300000000000004e+01	3.617294065222202704e-03
1.193299999999999983e+01	3.562349218891583489e-03
1.194299999999999962e+01	3.491569689602329590e-03
1.195299999999999940e+01	3.396631725640378296e-03
1.195950000000000024e+01	3.328859829640954879e-03
1.199300000000000033e+01	3.017363968448292817e-03
1.200300000000000011e+01	2.942571789094764953e-03
1.201299999999999990e+01	2.872267642957729555e-03
1.206869999999999976e+01	2.533623488841692858e-03
1.209929999999999950e+01	2.371369576544694706e-03
1.212989999999999924e+01	2.219553470350093052e-03
1.216060000000000052e+01	2.075495535629604590e-03
1.219120000000000026e+01	1.940970378401815069e-03
1.219299999999999962e+01	1.933015248955843087e-03
1.222180000000000000e+01	1.808735255035443402e-03
1.225239999999999974e+01	1.672816704543091766e-03
1.228309999999999924e+01	1.533701866629451523e-03
1.231370000000000076e+01	1.401213569370425701e-03
1.234430000000000049e+01	1.288386329163268562e-03
1.237299999999999933e+01	1.201021146716852893e-03
1.237490000000000023e+01	1.195506067853763232e-03
1.240559999999999974e+01	1.114936244275682329e-03
1.243619999999999948e+01	1.041350976426376734e-03
1.246679999999999922e+01	9.730966744719409802e-04
1.249740000000000073e+01	9.095865737387125605e-04
1.252810000000000024e+01	8.500472640455063135e-04
1.254299999999999926e+01	8.223346398440925086e-04
1.263719999999999999e+01	6.676003239843616554e-04
1.271299999999999919e+01	5.646389460178606297e-04
1.274639999999999951e+01	5.245595523762600380e-04
1.285549999999999926e+01	4.124857758545043729e-04
1.288299999999999912e+01	3.883236958344550940e-04
1.296470000000000056e+01	3.247890627117328032e-04
1.304299999999999926e+01	2.739400079753805247e-04
1.305300000000000082e+01	2.680460387655983446e-04
1.307380000000000031e+01	2.561897807475403319e-04
1.318299999999999983e+01	2.022047021357570784e-04
1.324300000000000033e+01	1.777140106796133755e-04
1.329209999999999958e+01	1.598803270727675724e-04
1.330300000000000082e+01	1.561515563647212915e-04
1.334299999999999997e+01	1.432513965471224240e-04
1.340119999999999933e+01	1.264946901844623422e-04
1.351040000000000063e+01	1.000075791983439559e-04
1.352299999999999969e+01	9.727679579067708370e-05
1.356300000000000061e+01	8.926464591619729608e-05
1.361950000000000038e+01	7.921207971487973008e-05
1.371139999999999937e+01	6.498727482805233063e-05
1.375300000000000011e+01	5.936748025541850501e-05
1.376299999999999990e+01	5.810829054239741897e-05
1.380330000000000013e+01	5.331652533593112415e-05
1.385299999999999976e+01	4.779642019824631644e-05
1.388299999999999912e+01	4.476916169765638803e-05
1.389520000000000088e+01	4.361632112842153344e-05
1.398700000000000010e+01	3.572126618413424268e-05
1.405300000000000082e+01	3.086245339433025544e-05
1.406300000000000061e+01	3.019191665184568540e-05
1.407890000000000086e+01	2.915899484065601914e-05
1.422300000000000075e+01	2.121578964518389238e-05
1.423300000000000054e+01	2.075170710497964636e-05
1.424300000000000033e+01	2.030037460282352487e-05
1.429299999999999926e+01	1.819383455143986999e-05
1.437299999999999933e+01	1.526237071444027591e-05
1.439300000000000068e+01	1.460675538340901029e-05
1.440300000000000047e+01	1.429164991214853686e-05
1.443299999999999983e+01	1.338971368398508542e-05
1.444280000000000008e+01	1.310850870366319700e-05
1.446299999999999919e+01	1.254046237170955232e-05
1.462299999999999933e+01	8.851050037839662673e-06
1.477299999999999969e+01	6.395885062453435643e-06
1.480659999999999954e+01	5.947835994969157266e-06
1.507300000000000040e+01	3.352794346294662788e-06
1.509299999999999997e+01	3.211307143756558221e-06
1.517040000000000077e+01	2.720045142056456295e-06
1.517300000000000004e+01	2.705098247316176902e-06
1.519299999999999962e+01	2.591941617499035599e-06
1.534399999999999942e+01	1.875163652702550650e-06
1.535399999999999920e+01	1.835347340446763736e-06
1.540010000000000012e+01	1.662477600884441969e-06
1.551399999999999935e+01	1.301675694710792664e-06
1.552399999999999913e+01	1.273799863880180116e-06
1.562979999999999947e+01	1.013798738278634890e-06
1.564400000000000013e+01	9.831232332575315330e-07
1.566399999999999970e+01	9.411401131785166489e-07
1.568399999999999928e+01	9.011236509358167874e-07
1.582399999999999984e+01	6.656399074074321156e-07
1.594400000000000084e+01	5.132827057843059948e-07
1.599360000000000070e+01	4.609905601596480491e-07
1.622400000000000020e+01	2.790419132117604010e-07
1.631400000000000006e+01	2.292593627037645683e-07
1.635750000000000171e+01	2.085624298272283172e-07
1.649399999999999977e+01	1.548028028605933984e-07
1.663400000000000034e+01	1.141136592291668740e-07
1.664399999999999835e+01	1.116566628273528878e-07
1.668400000000000105e+01	1.023768574098515970e-07
1.672129999999999939e+01	9.442312990320390005e-08
1.683399999999999963e+01	7.392257764361644353e-08
1.695100000000000051e+01	5.736083707514676883e-08
1.698400000000000176e+01	5.339782433134237767e-08
1.715399999999999991e+01	3.697104265346152771e-08
1.718070000000000164e+01	3.488914809028053334e-08
1.734400000000000119e+01	2.450335296435137547e-08
1.753399999999999892e+01	1.624791527404770668e-08
1.754449999999999932e+01	1.588396555034155935e-08
1.768400000000000105e+01	1.174250715844105114e-08
1.790830000000000055e+01	7.213480407560816178e-09
1.796399999999999864e+01	6.390015286329710837e-09
1.798400000000000176e+01	6.117087643322105664e-09
1.808399999999999963e+01	4.921177460070651994e-09
1.827220000000000155e+01	3.267539731670765360e-09
1.831400000000000006e+01	2.985062442683677214e-09
1.832400000000000162e+01	2.919916576759861627e-09
1.833399999999999963e+01	2.856773544415559905e-09
1.834400000000000119e+01	2.794863100504603086e-09
1.838400000000000034e+01	2.560734571708335583e-09
1.840399999999999991e+01	2.451183602960632149e-09
1.849399999999999977e+01	2.015181734796001171e-09
1.850189999999999912e+01	1.980952778833820347e-09
1.851399999999999935e+01	1.929209989004483952e-09
1.865399999999999991e+01	1.422395130304051729e-09
1.868400000000000105e+01	1.332882738449702291e-09
1.873150000000000048e+01	1.201980495336105664e-09
1.880399999999999849e+01	1.026750765403231515e-09
1.885399999999999920e+01	9.209657425803731930e-10
1.887399999999999878e+01	8.817674798697645373e-10
1.889399999999999835e+01	8.442394146089587945e-10
1.899399999999999977e+01	6.792360235464060541e-10
1.900400000000000134e+01	6.646239152582468143e-10
1.909540000000000148e+01	5.448503846737876708e-10
1.917399999999999949e+01	4.592192593035388474e-10
1.918400000000000105e+01	4.493412528568845084e-10
1.920400000000000063e+01	4.302159582627014939e-10
1.922400000000000020e+01	4.119063947917970329e-10
1.931289999999999907e+01	3.394943458202289895e-10
