0.000000000000000000e+00	9.999999981883793687e-01
9.999199999999999755e-03	9.999999981496145995e-01
1.999949999999999992e-02	9.999999981100160529e-01
3.999989999999999796e-02	9.999999980282594514e-01
4.999920000000000059e-02	9.999999979860680899e-01
1.100000000000000006e-01	9.999999977132483231e-01
1.210750000000000021e-01	9.999999976589899475e-01
3.399989999999999957e-01	9.999999962784960061e-01
4.849069999999999769e-01	9.999999949420952383e-01
5.099989999999999801e-01	9.999999944250903550e-01
6.699990000000000112e-01	9.999999889082701321e-01
8.299999999999999600e-01	9.999999846091613964e-01
8.487390000000000212e-01	9.999999839868345397e-01
9.899999999999999911e-01	9.999999783679249798e-01
1.149999999999999911e+00	9.999999695309000902e-01
1.212569999999999926e+00	9.999999651762191410e-01
1.310000000000000053e+00	9.999999571615173499e-01
1.442260000000000097e+00	9.999999432892955342e-01
1.469999999999999973e+00	9.999999398630833314e-01
1.629999999999999893e+00	9.999999157371191050e-01
1.671950000000000047e+00	9.999999079721704209e-01
1.909999999999999920e+00	9.999998486344168214e-01
2.035779999999999923e+00	9.999998029998533600e-01
2.189999999999999947e+00	9.999997272621425903e-01
2.370000000000000107e+00	9.999996017527833514e-01
2.390000000000000124e+00	9.999995866032148628e-01
2.399610000000000021e+00	9.999995802424036517e-01
2.399999999999999911e+00	9.999995799721824730e-01
2.410000000000000142e+00	9.999995712155096417e-01
2.419999999999999929e+00	9.999995611612989554e-01
2.430000000000000160e+00	9.999995508040985248e-01
2.439999999999999947e+00	9.999995396592816777e-01
2.490000000000000213e+00	9.999994845522347520e-01
2.509999999999999787e+00	9.999994619003365059e-01
2.580000000000000071e+00	9.999993765845568428e-01
2.589999999999999858e+00	9.999993634028738754e-01
2.763440000000000119e+00	9.999990820187525387e-01
2.799999999999999822e+00	9.999990078027506391e-01
2.810000000000000053e+00	9.999989866107719116e-01
2.819999999999999840e+00	9.999989650534093499e-01
2.830000000000000071e+00	9.999989433401462735e-01
2.839999999999999858e+00	9.999989212321251930e-01
2.850000000000000089e+00	9.999988984046033202e-01
2.859999999999999876e+00	9.999988736434431980e-01
2.870000000000000107e+00	9.999988477717256519e-01
2.879999999999999893e+00	9.999988214181680934e-01
2.890000000000000124e+00	9.999987943258282774e-01
2.919999999999999929e+00	9.999987137224614075e-01
2.930000000000000160e+00	9.999986878607509677e-01
2.939999999999999947e+00	9.999986609433585416e-01
2.950000000000000178e+00	9.999986334276175226e-01
2.959999999999999964e+00	9.999986051274977195e-01
2.970000000000000195e+00	9.999985745525028502e-01
2.979999999999999982e+00	9.999985417661113596e-01
2.990000000000000213e+00	9.999985089902034829e-01
2.993129999999999846e+00	9.999984987100948297e-01
3.000000000000000000e+00	9.999984759152016345e-01
3.009999999999999787e+00	9.999984419702697691e-01
3.020000000000000018e+00	9.999984075017939178e-01
3.029999999999999805e+00	9.999983726980317122e-01
3.040000000000000036e+00	9.999983370943051897e-01
3.049999999999999822e+00	9.999983007207110530e-01
3.060000000000000053e+00	9.999982636872891684e-01
3.069999999999999840e+00	9.999982259573034771e-01
3.080000000000000071e+00	9.999981877457995161e-01
3.089999999999999858e+00	9.999981487085201071e-01
3.100000000000000089e+00	9.999981087710948513e-01
3.109999999999999876e+00	9.999980675900940197e-01
3.120000000000000107e+00	9.999980253834008792e-01
3.129999999999999893e+00	9.999979820501063710e-01
3.140000000000000124e+00	9.999979374827120404e-01
3.149999999999999911e+00	9.999978918567113961e-01
3.180000000000000160e+00	9.999977473706964659e-01
3.189999999999999947e+00	9.999976974189140888e-01
3.200000000000000178e+00	9.999976468548374964e-01
3.222820000000000018e+00	9.999975288137142870e-01
3.400999999999999801e+00	9.999964029197858650e-01
3.586650000000000116e+00	9.999946907656567241e-01
3.600999999999999979e+00	9.999945304176152128e-01
3.670999999999999819e+00	9.999936458765611436e-01
3.681000000000000050e+00	9.999935023344966867e-01
3.690999999999999837e+00	9.999933579935622596e-01
3.701000000000000068e+00	9.999932118427996564e-01
3.710999999999999854e+00	9.999930648618157170e-01
3.721000000000000085e+00	9.999929164140163307e-01
3.730999999999999872e+00	9.999927647332058633e-01
3.741000000000000103e+00	9.999926112207123685e-01
3.750999999999999890e+00	9.999924563995640225e-01
3.761000000000000121e+00	9.999923019282184189e-01
3.781000000000000139e+00	9.999919692316099340e-01
3.790999999999999925e+00	9.999917948739565077e-01
3.801000000000000156e+00	9.999916140855851232e-01
3.810999999999999943e+00	9.999914279224827451e-01
3.821000000000000174e+00	9.999912415723041237e-01
3.830999999999999961e+00	9.999910581422283284e-01
3.841000000000000192e+00	9.999908700482641466e-01
3.850999999999999979e+00	9.999906808102547728e-01
3.880999999999999783e+00	9.999900835454659243e-01
3.940999999999999837e+00	9.999887593644040118e-01
3.950480000000000214e+00	9.999885699544596163e-01
3.971000000000000085e+00	9.999881663398891840e-01
3.980999999999999872e+00	9.999879554672109760e-01
3.991000000000000103e+00	9.999877224304654089e-01
4.001000000000000334e+00	9.999874490665853211e-01
4.011000000000000121e+00	9.999871492384372340e-01
4.020999999999999908e+00	9.999868404518382770e-01
4.030999999999999694e+00	9.999865128276856918e-01
4.041000000000000369e+00	9.999861825905772550e-01
4.060999999999999943e+00	9.999855465105068619e-01
4.121000000000000441e+00	9.999835631425744165e-01
4.131000000000000227e+00	9.999832078985956274e-01
4.160999999999999588e+00	9.999821420451258103e-01
4.171000000000000263e+00	9.999817482821702352e-01
4.181000000000000050e+00	9.999813428221323575e-01
4.190999999999999837e+00	9.999809273132154175e-01
4.200999999999999623e+00	9.999805121425544563e-01
4.221000000000000085e+00	9.999797391121014734e-01
4.230999999999999872e+00	9.999793321262038237e-01
4.240999999999999659e+00	9.999788880051915241e-01
4.251000000000000334e+00	9.999784123243259382e-01
4.261000000000000121e+00	9.999779234292494046e-01
4.270999999999999908e+00	9.999773894184111889e-01
4.280999999999999694e+00	9.999768571771079362e-01
4.291000000000000369e+00	9.999763454962330433e-01
4.301000000000000156e+00	9.999758371895240971e-01
4.314320000000000377e+00	9.999751276271832134e-01
4.331000000000000405e+00	9.999742751382294514e-01
4.341000000000000192e+00	9.999737224435187866e-01
4.400999999999999801e+00	9.999699902930752060e-01
4.406189999999999607e+00	9.999696365510618579e-01
4.410999999999999588e+00	9.999693122993554839e-01
4.421000000000000263e+00	9.999686419898696776e-01
4.431000000000000050e+00	9.999679878905435304e-01
4.450999999999999623e+00	9.999667730913235353e-01
4.461000000000000298e+00	9.999660868771826916e-01
4.471000000000000085e+00	9.999653743553306162e-01
4.480999999999999872e+00	9.999646400242246935e-01
4.490999999999999659e+00	9.999638711273678426e-01
4.498070000000000235e+00	9.999633102982803390e-01
4.570999999999999730e+00	9.999570394492981462e-01
4.589940000000000353e+00	9.999551626362344070e-01
4.631000000000000227e+00	9.999510732636643917e-01
4.681820000000000093e+00	9.999457008629698551e-01
4.740999999999999659e+00	9.999380339186154654e-01
4.751000000000000334e+00	9.999367501337130815e-01
4.761000000000000121e+00	9.999355017454325534e-01
4.770999999999999908e+00	9.999343220050127545e-01
4.773690000000000211e+00	9.999340094462185746e-01
4.780999999999999694e+00	9.999331132137648792e-01
4.791000000000000369e+00	9.999316815203247444e-01
4.801000000000000156e+00	9.999301249428813598e-01
4.810999999999999943e+00	9.999285239262777347e-01
4.820999999999999730e+00	9.999267471549506681e-01
4.831000000000000405e+00	9.999249569921921932e-01
4.841000000000000192e+00	9.999231770048102597e-01
4.850999999999999979e+00	9.999214209869978776e-01
4.871000000000000441e+00	9.999179385583647495e-01
4.881000000000000227e+00	9.999161620114805915e-01
4.882839999999999847e+00	9.999158308707781773e-01
4.891000000000000014e+00	9.999143571263423569e-01
4.900999999999999801e+00	9.999125353403459648e-01
4.910999999999999588e+00	9.999106755334182806e-01
4.921000000000000263e+00	9.999088062198545623e-01
4.931000000000000050e+00	9.999069366030559625e-01
4.940999999999999837e+00	9.999050478314341905e-01
4.950999999999999623e+00	9.999031598161742806e-01
4.961000000000000298e+00	9.999015113339891903e-01
4.971000000000000085e+00	9.998996494049100514e-01
4.980999999999999872e+00	9.998974865059238049e-01
4.990999999999999659e+00	9.998950547178292458e-01
4.991990000000000371e+00	9.998948011169902506e-01
5.001000000000000334e+00	9.998924998151413890e-01
5.011000000000000121e+00	9.998900653061022492e-01
5.020999999999999908e+00	9.998879555132506036e-01
5.030999999999999694e+00	9.998856383148059246e-01
5.041000000000000369e+00	9.998825273206753961e-01
5.051000000000000156e+00	9.998792108807069701e-01
5.060999999999999943e+00	9.998755432005658195e-01
5.070999999999999730e+00	9.998705424276246312e-01
5.081000000000000405e+00	9.998651879939648435e-01
5.091000000000000192e+00	9.998607099862975023e-01
5.100999999999999979e+00	9.998563986570494500e-01
5.101140000000000008e+00	9.998563371958462120e-01
5.110999999999999766e+00	9.998523195772680561e-01
5.121000000000000441e+00	9.998493435958795139e-01
5.131000000000000227e+00	9.998474328025274138e-01
5.141000000000000014e+00	9.998446548663395550e-01
5.150999999999999801e+00	9.998416583115542489e-01
5.160999999999999588e+00	9.998382501033634684e-01
5.171000000000000263e+00	9.998346553232076994e-01
5.181000000000000050e+00	9.998313619022313192e-01
5.190999999999999837e+00	9.998280952026921131e-01
5.200999999999999623e+00	9.998243581430611426e-01
5.210289999999999644e+00	9.998205262622644751e-01
5.211000000000000298e+00	9.998202503106177197e-01
5.221000000000000085e+00	9.998165004377215226e-01
5.230999999999999872e+00	9.998126315649444873e-01
5.240999999999999659e+00	9.998086091391036323e-01
5.251000000000000334e+00	9.998042406772009727e-01
5.261000000000000121e+00	9.997995484423547463e-01
5.270999999999999908e+00	9.997948546127957137e-01
5.280999999999999694e+00	9.997893396199217797e-01
5.291000000000000369e+00	9.997837396332188709e-01
5.301000000000000156e+00	9.997788240310253594e-01
5.310999999999999943e+00	9.997741171927748693e-01
5.319440000000000168e+00	9.997698126583517420e-01
5.320999999999999730e+00	9.997690011199292792e-01
5.331000000000000405e+00	9.997642595596016868e-01
5.341000000000000192e+00	9.997602532398371933e-01
5.350999999999999979e+00	9.997556989987490539e-01
5.360999999999999766e+00	9.997513600188286942e-01
5.381000000000000227e+00	9.997428957436076402e-01
5.391000000000000014e+00	9.997376323687047206e-01
5.400999999999999801e+00	9.997319407072440267e-01
5.410999999999999588e+00	9.997260553785655146e-01
5.421000000000000263e+00	9.997201059271676460e-01
5.428589999999999804e+00	9.997158362447348123e-01
5.431000000000000050e+00	9.997145454936026132e-01
5.440999999999999837e+00	9.997097577717142247e-01
5.450999999999999623e+00	9.997054632853826783e-01
5.461000000000000298e+00	9.996997859531373543e-01
5.471000000000000085e+00	9.996924182435005246e-01
5.480999999999999872e+00	9.996832619609771209e-01
5.490999999999999659e+00	9.996729687346790350e-01
5.501000000000000334e+00	9.996625479020498917e-01
5.511000000000000121e+00	9.996531032706411635e-01
5.520999999999999908e+00	9.996449334196430003e-01
5.530999999999999694e+00	9.996378162742197704e-01
5.537740000000000329e+00	9.996333345493499944e-01
5.551000000000000156e+00	9.996242140106239571e-01
5.560999999999999943e+00	9.996165626089487111e-01
5.631000000000000227e+00	9.995588496351198726e-01
5.646889999999999965e+00	9.995453394133668734e-01
5.681000000000000050e+00	9.995123635592548794e-01
5.690999999999999837e+00	9.995025567043667181e-01
5.700999999999999623e+00	9.994929053073707825e-01
5.711000000000000298e+00	9.994829190255426488e-01
5.721000000000000085e+00	9.994728528469073447e-01
5.730999999999999872e+00	9.994628754391180481e-01
5.740999999999999659e+00	9.994540563223035523e-01
5.751000000000000334e+00	9.994433374209620302e-01
5.756039999999999601e+00	9.994374039693891820e-01
5.761000000000000121e+00	9.994314176956388129e-01
5.770999999999999908e+00	9.994187166089468777e-01
5.780999999999999694e+00	9.994041583731619882e-01
5.801000000000000156e+00	9.993726403788781854e-01
5.810999999999999943e+00	9.993589797768001048e-01
5.850999999999999979e+00	9.993000812375533171e-01
5.865190000000000126e+00	9.992777095377658458e-01
5.891000000000000014e+00	9.992390147366396747e-01
5.895809999999999995e+00	9.992320715869891234e-01
5.926440000000000374e+00	9.991832156076703164e-01
5.940999999999999837e+00	9.991570236061553256e-01
5.950999999999999623e+00	9.991385385042793610e-01
5.957060000000000244e+00	9.991275069711462731e-01
5.961000000000000298e+00	9.991205019823230504e-01
5.971000000000000085e+00	9.991031197651274454e-01
5.987689999999999735e+00	9.990767895815002575e-01
6.001000000000000334e+00	9.990540923325197387e-01
6.011000000000000121e+00	9.990409702567301098e-01
6.018309999999999604e+00	9.990376575647891277e-01
6.020999999999999908e+00	9.990358530078377042e-01
6.030999999999999694e+00	9.990151987511313170e-01
6.041000000000000369e+00	9.989783594737319250e-01
6.048939999999999984e+00	9.989472957487640636e-01
6.051000000000000156e+00	9.989390360620432618e-01
6.060999999999999943e+00	9.988946489109201687e-01
6.070999999999999730e+00	9.988437942051034968e-01
6.079559999999999853e+00	9.988093064749398176e-01
6.081000000000000405e+00	9.988056786689953892e-01
6.091000000000000192e+00	9.987890654256363909e-01
6.100999999999999979e+00	9.987735665455791390e-01
6.110190000000000232e+00	9.987593595807063851e-01
6.110999999999999766e+00	9.987583051247358457e-01
6.121000000000000441e+00	9.987469805704478620e-01
6.131000000000000227e+00	9.987254607090929603e-01
6.140810000000000102e+00	9.986968482139896297e-01
6.141000000000000014e+00	9.986962696220534896e-01
6.150999999999999801e+00	9.986631166199586573e-01
6.160999999999999588e+00	9.986250096602503623e-01
6.171000000000000263e+00	9.985822720849591994e-01
6.171439999999999593e+00	9.985803985781129821e-01
6.181000000000000050e+00	9.985437554052644105e-01
6.190999999999999837e+00	9.985148394821597995e-01
6.200999999999999623e+00	9.984833359399755137e-01
6.202060000000000350e+00	9.984799392959212705e-01
6.211000000000000298e+00	9.984513657054558955e-01
6.221000000000000085e+00	9.984191326415710055e-01
6.232689999999999841e+00	9.983807055478951531e-01
6.263309999999999711e+00	9.982676276025336248e-01
6.274000000000000021e+00	9.982263961050212853e-01
6.293940000000000090e+00	9.981472225127882014e-01
6.324559999999999960e+00	9.980204210098793105e-01
6.341440000000000410e+00	9.979480670297270484e-01
6.408890000000000420e+00	9.976418974364363867e-01
6.431000000000000050e+00	9.975362024830894958e-01
6.433709999999999596e+00	9.975228913626977834e-01
6.471000000000000085e+00	9.973203658315600295e-01
6.476329999999999920e+00	9.972899717509029482e-01
6.501000000000000334e+00	9.971498506667632045e-01
6.511000000000000121e+00	9.970921966880471610e-01
6.542860000000000120e+00	9.968936705382770436e-01
6.543779999999999930e+00	9.968878977367117145e-01
6.581000000000000405e+00	9.966558645464664856e-01
6.611220000000000319e+00	9.964585995727992529e-01
6.650999999999999801e+00	9.961450872350167129e-01
6.652009999999999756e+00	9.961365321934123607e-01
6.671000000000000263e+00	9.959782833289461124e-01
6.678670000000000329e+00	9.959159962174993774e-01
6.746109999999999829e+00	9.953226580792017275e-01
6.751000000000000334e+00	9.952719478893518046e-01
6.761000000000000121e+00	9.951709490785191070e-01
6.761160000000000281e+00	9.951693304278754759e-01
6.770999999999999908e+00	9.950734977178472551e-01
6.780999999999999694e+00	9.949759659914247933e-01
6.791000000000000369e+00	9.948738230850766584e-01
6.801000000000000156e+00	9.947633357308290902e-01
6.813550000000000217e+00	9.946268815782760564e-01
6.820999999999999730e+00	9.945393740823147422e-01
6.831000000000000405e+00	9.944220926132615324e-01
6.870309999999999917e+00	9.940074800409971489e-01
6.881000000000000227e+00	9.938906892434090645e-01
6.881000000000000227e+00	9.938906870010880690e-01
6.891000000000000014e+00	9.937795530389438303e-01
6.900999999999999801e+00	9.936671496323552510e-01
6.910999999999999588e+00	9.935559941128486727e-01
6.921000000000000263e+00	9.934436142878985132e-01
6.931000000000000050e+00	9.933313892946190604e-01
6.940999999999999837e+00	9.932169006884721263e-01
6.950999999999999623e+00	9.930961476037354352e-01
6.961000000000000298e+00	9.929671405605535739e-01
6.971000000000000085e+00	9.928261738881278831e-01
6.979460000000000441e+00	9.927059134242139926e-01
6.980999999999999872e+00	9.926838055608717681e-01
6.990999999999999659e+00	9.925410064159052581e-01
7.001000000000000334e+00	9.924267741287571276e-01
7.011000000000000121e+00	9.923164676149077712e-01
7.020999999999999908e+00	9.922417679292959702e-01
7.030999999999999694e+00	9.921821373468467931e-01
7.041000000000000369e+00	9.921101028988275061e-01
7.051000000000000156e+00	9.921548621793815359e-01
7.060999999999999943e+00	9.920744539771160220e-01
7.070999999999999730e+00	9.919098578345695305e-01
7.081000000000000405e+00	9.917023011580676783e-01
7.088610000000000078e+00	9.915140638717517829e-01
7.091000000000000192e+00	9.914452913612690210e-01
7.110999999999999766e+00	9.907670574823554954e-01
7.141000000000000014e+00	9.901183262583360678e-01
7.150999999999999801e+00	9.899263244651174132e-01
7.160999999999999588e+00	9.897092188664878831e-01
7.171000000000000263e+00	9.896222563840074704e-01
7.190999999999999837e+00	9.887387790981798652e-01
7.197759999999999714e+00	9.884141954560563548e-01
7.200999999999999623e+00	9.882592550607793846e-01
7.211000000000000298e+00	9.877756943847019189e-01
7.221000000000000085e+00	9.872679249292494186e-01
7.230999999999999872e+00	9.869248140560434868e-01
7.240999999999999659e+00	9.869563097616874670e-01
7.251000000000000334e+00	9.867716827126720158e-01
7.261000000000000121e+00	9.866372139123503748e-01
7.270999999999999908e+00	9.865079166833775615e-01
7.282000000000000028e+00	9.863133695850092586e-01
7.291999999999999815e+00	9.861124439776943751e-01
7.301999999999999602e+00	9.859015169407153723e-01
7.306910000000000238e+00	9.858064480170076749e-01
7.312000000000000277e+00	9.857159754939524010e-01
7.322000000000000064e+00	9.855342813357186316e-01
7.331999999999999851e+00	9.853645292218964347e-01
7.341999999999999638e+00	9.852085416692680786e-01
7.352000000000000313e+00	9.850398744709055743e-01
7.362000000000000099e+00	9.848293394224829633e-01
7.371999999999999886e+00	9.846063087421720317e-01
7.377609999999999779e+00	9.844872884816497915e-01
7.381999999999999673e+00	9.843899840865473205e-01
7.385729999999999684e+00	9.843054255266602270e-01
7.392000000000000348e+00	9.841723651488706315e-01
7.393849999999999589e+00	9.841358513820730458e-01
7.401959999999999873e+00	9.839804918361050312e-01
7.402000000000000135e+00	9.839798264656240967e-01
7.410079999999999778e+00	9.838822218587276458e-01
7.411999999999999922e+00	9.838625837657523077e-01
7.416059999999999874e+00	9.838060349630749490e-01
7.418199999999999683e+00	9.837671306341151389e-01
7.421999999999999709e+00	9.836808463352860743e-01
7.426319999999999588e+00	9.835559980704230432e-01
7.432000000000000384e+00	9.833515914981030281e-01
7.434429999999999872e+00	9.832531109862728824e-01
7.442000000000000171e+00	9.829100218538601164e-01
7.442549999999999777e+00	9.828840177398530109e-01
7.444770000000000110e+00	9.827811868711623378e-01
7.450669999999999682e+00	9.825179010029057025e-01
7.451999999999999957e+00	9.824473630440030414e-01
7.458779999999999966e+00	9.817674557702962268e-01
7.461999999999999744e+00	9.813523104080190684e-01
7.466899999999999871e+00	9.807977779826958509e-01
7.472000000000000419e+00	9.803795606981308142e-01
7.473480000000000345e+00	9.802914490433937145e-01
7.475019999999999776e+00	9.802108000828201329e-01
7.482000000000000206e+00	9.799408360120073214e-01
7.483139999999999681e+00	9.799078779889656143e-01
7.491249999999999964e+00	9.797224455923655428e-01
7.491999999999999993e+00	9.797108916239082310e-01
7.499369999999999870e+00	9.796835226234990035e-01
7.502189999999999692e+00	9.797228484476696586e-01
7.507489999999999775e+00	9.798857660307316308e-01
7.515600000000000058e+00	9.804705075906703371e-01
7.523719999999999963e+00	9.807157477610426444e-01
7.530899999999999928e+00	9.804824844565095399e-01
7.531839999999999868e+00	9.804509904142059140e-01
7.539959999999999773e+00	9.801664504900956532e-01
7.548070000000000057e+00	9.798463131312776797e-01
7.556189999999999962e+00	9.794667909576723064e-01
7.559619999999999784e+00	9.792994309311342516e-01
7.564309999999999867e+00	9.790470314200787616e-01
7.572420000000000151e+00	9.785275768342260871e-01
7.580540000000000056e+00	9.779221049828061840e-01
7.588330000000000020e+00	9.772873649427311626e-01
7.588659999999999961e+00	9.772605544281262047e-01
7.596779999999999866e+00	9.765953352288284650e-01
7.604890000000000150e+00	9.756593356352821766e-01
7.613010000000000055e+00	9.742707730025959023e-01
7.617040000000000255e+00	9.734603701197604986e-01
7.621129999999999960e+00	9.725739271918069084e-01
7.629240000000000244e+00	9.707381802900660883e-01
7.637360000000000149e+00	9.687071972504847084e-01
7.645480000000000054e+00	9.665381840372669897e-01
7.645749999999999602e+00	9.664653451336566725e-01
7.653599999999999959e+00	9.643338360289825939e-01
7.661710000000000242e+00	9.621653096899771551e-01
7.669830000000000148e+00	9.601197429409096262e-01
7.671999999999999709e+00	9.596001573509637117e-01
7.674459999999999837e+00	9.590305931431816200e-01
7.677950000000000053e+00	9.582704062408804457e-01
7.686060000000000336e+00	9.567502478359108942e-01
7.694180000000000241e+00	9.556042593980877964e-01
7.703170000000000073e+00	9.546026392394880711e-01
7.706000000000000405e+00	9.541035416329480823e-01
7.724289999999999878e+00	9.514550392066144502e-01
7.731880000000000308e+00	9.505984410244692207e-01
7.742580000000000240e+00	9.495579233357043236e-01
7.760589999999999655e+00	9.478565124914765105e-01
7.760869999999999713e+00	9.478337329997240657e-01
7.779169999999999696e+00	9.465404603031671860e-01
7.789299999999999891e+00	9.458214480029606408e-01
7.797460000000000058e+00	9.452518764970770926e-01
7.815750000000000419e+00	9.439703473803980893e-01
7.818010000000000126e+00	9.438099487718224490e-01
7.834039999999999893e+00	9.426697213670172104e-01
7.846720000000000361e+00	9.417521603938853181e-01
7.852000000000000313e+00	9.413644674100070109e-01
7.852330000000000254e+00	9.413399706201750483e-01
7.870619999999999727e+00	9.399926537888015909e-01
7.875440000000000218e+00	9.396339988856698966e-01
7.888919999999999710e+00	9.386237191759505549e-01
7.907210000000000072e+00	9.372425377100351840e-01
7.917699999999999960e+00	9.364480605439984284e-01
7.925500000000000433e+00	9.358551062990595470e-01
7.943789999999999907e+00	9.344720738959300110e-01
7.959970000000000212e+00	9.332656378410425502e-01
7.962080000000000268e+00	9.331099705100869279e-01
7.980369999999999742e+00	9.317828857300232137e-01
7.998669999999999725e+00	9.305241884784479778e-01
8.002240000000000464e+00	9.302858043634737450e-01
8.016959999999999198e+00	9.292880631528913637e-01
8.035249999999999559e+00	9.279229182225917638e-01
8.044510000000000716e+00	9.271929878291579330e-01
8.053539999999999921e+00	9.265272161944279050e-01
8.071830000000000283e+00	9.252987156555135817e-01
8.086779999999999191e+00	9.241841534021367766e-01
8.090120000000000644e+00	9.239304676503372615e-01
8.108420000000000627e+00	9.225029399450703771e-01
8.112000000000000099e+00	9.222234703775514797e-01
8.126709999999999212e+00	9.210843039802442123e-01
8.129049999999999443e+00	9.209080050099351933e-01
8.144999999999999574e+00	9.197533188096779222e-01
8.163289999999999935e+00	9.184676043534091283e-01
8.171310000000000073e+00	9.178959643599053919e-01
8.181580000000000297e+00	9.171572081977056312e-01
8.199870000000000658e+00	9.157747340221998877e-01
8.213580000000000325e+00	9.145907978884308953e-01
8.218170000000000641e+00	9.141844295008501042e-01
8.236459999999999226e+00	9.127675418632511528e-01
8.254749999999999588e+00	9.114677051297471744e-01
8.272000000000000242e+00	9.102760282829477356e-01
8.273039999999999949e+00	9.102044054595632705e-01
8.291330000000000311e+00	9.089178995633716562e-01
8.294290000000000163e+00	9.087031213850566003e-01
8.309620000000000672e+00	9.074953905739104876e-01
8.327920000000000655e+00	9.061636202848286636e-01
8.346209999999999241e+00	9.048021964668069295e-01
8.364499999999999602e+00	9.035292830591643565e-01
8.371399999999999508e+00	9.030043934442635312e-01
8.382789999999999964e+00	9.019291545998685544e-01
8.401080000000000325e+00	9.004232282262508713e-01
8.419370000000000687e+00	8.989991920287411231e-01
8.422000000000000597e+00	8.988131676384495394e-01
8.437670000000000670e+00	8.977564586431288074e-01
8.444929999999999382e+00	8.972955057164349046e-01
8.455959999999999255e+00	8.965680025640455630e-01
8.474249999999999616e+00	8.953876202957816721e-01
8.492539999999999978e+00	8.944000848102038326e-01
8.510830000000000339e+00	8.933831459029045741e-01
8.514870000000000161e+00	8.931521085596371146e-01
8.529120000000000701e+00	8.923588138337060771e-01
8.547420000000000684e+00	8.911021637665060835e-01
8.565709999999999269e+00	8.897830787144824782e-01
8.571999999999999176e+00	8.893468302660162417e-01
8.581229999999999691e+00	8.892583865098011575e-01
8.583999999999999631e+00	8.891161106862119912e-01
8.602289999999999992e+00	8.885587828734812232e-01
8.620580000000000354e+00	8.880443492017310314e-01
8.638870000000000715e+00	8.891344672856096309e-01
8.644000000000000128e+00	8.885486283960646325e-01
8.657170000000000698e+00	8.876375491921224548e-01
8.675459999999999283e+00	8.859224356483106355e-01
8.693749999999999645e+00	8.840842416508326584e-01
8.703179999999999694e+00	8.831601549666682205e-01
8.711999999999999744e+00	8.822419731739241655e-01
8.712040000000000006e+00	8.822380530716715796e-01
8.730330000000000368e+00	8.805041116298858439e-01
8.748620000000000729e+00	8.800888628467062880e-01
8.758779999999999788e+00	8.763940905460341213e-01
8.766920000000000712e+00	8.737079597659990204e-01
8.785209999999999297e+00	8.693633587717960465e-01
8.803499999999999659e+00	8.652422956484995265e-01
8.810790000000000788e+00	8.637376899840062405e-01
8.821790000000000020e+00	8.614606513858790171e-01
8.840080000000000382e+00	8.575380211300478450e-01
8.858370000000000744e+00	8.533060134019563314e-01
8.859209999999999141e+00	8.531088895263347904e-01
8.876670000000000726e+00	8.487164469599717265e-01
8.881999999999999673e+00	8.474961249595845958e-01
8.894959999999999312e+00	8.448108685155695241e-01
8.904040000000000177e+00	8.427197533078002456e-01
8.913249999999999673e+00	8.409772254979306361e-01
8.931540000000000035e+00	8.374809834936872699e-01
8.945289999999999964e+00	8.358543754805434212e-01
8.949830000000000396e+00	8.363354815288583932e-01
8.968120000000000758e+00	8.335334243589416214e-01
8.982950000000000657e+00	8.312320063787266289e-01
8.986420000000000741e+00	8.309956627117347505e-01
9.004709999999999326e+00	8.278614884625647985e-01
9.017030000000000101e+00	8.243014626175788617e-01
9.022999999999999687e+00	8.225093294296138557e-01
9.041290000000000049e+00	8.109993624578876181e-01
9.047510000000000829e+00	8.090015692546050907e-01
9.051999999999999602e+00	8.078868211111003284e-01
9.059580000000000410e+00	8.058157074646882245e-01
9.074419999999999931e+00	8.013927414198710464e-01
9.077870000000000772e+00	8.002539164181055042e-01
9.096170000000000755e+00	7.923542616597609722e-01
9.097730000000000317e+00	7.914821039005700554e-01
9.114459999999999340e+00	7.791259635394015559e-01
9.117459999999999454e+00	7.761778515496865483e-01
9.132749999999999702e+00	7.560736619845352946e-01
9.133599999999999497e+00	7.546632637661720988e-01
9.146150000000000446e+00	7.292393284590611424e-01
9.151040000000000063e+00	7.167136523030879225e-01
9.155120000000000147e+00	7.049285778179540385e-01
9.160500000000000753e+00	6.874393883316219922e-01
9.162290000000000489e+00	6.811159328832814275e-01
9.169159999999999755e+00	6.546222274301988220e-01
9.169330000000000425e+00	6.539002294739590937e-01
9.176019999999999399e+00	6.246979693555746449e-01
9.182890000000000441e+00	5.917603071562371753e-01
9.187620000000000786e+00	5.676681394485345589e-01
9.189750000000000085e+00	5.565662921725774703e-01
9.196619999999999351e+00	5.201225145865063793e-01
9.203490000000000393e+00	4.836002611529387485e-01
9.205920000000000769e+00	4.708856796668596800e-01
9.210350000000000037e+00	4.481978580619128683e-01
9.217219999999999303e+00	4.149266920906185541e-01
9.224080000000000723e+00	3.845779368484087413e-01
9.224209999999999354e+00	3.840569537687725243e-01
9.230949999999999989e+00	3.576306877022104591e-01
9.232739999999999725e+00	3.511803193752642271e-01
9.238120000000000331e+00	3.333106204567228836e-01
9.242000000000000881e+00	3.217763018509214867e-01
9.242499999999999716e+00	3.203667329091188787e-01
9.247090000000000032e+00	3.082673486745990954e-01
9.259639999999999205e+00	2.816246095428366902e-01
9.260790000000000077e+00	2.795996313313065529e-01
9.275779999999999248e+00	2.585699434307053290e-01
9.279080000000000439e+00	2.550513411449604750e-01
9.295510000000000161e+00	2.416761641191060295e-01
9.297370000000000800e+00	2.404959333585535708e-01
9.315670000000000783e+00	2.313510386786722384e-01
9.318830000000000169e+00	2.301385162235660975e-01
9.333959999999999368e+00	2.251485651113526165e-01
9.345729999999999649e+00	2.219762941849676152e-01
9.352249999999999730e+00	2.203969704985208611e-01
9.370540000000000092e+00	2.164284986314871928e-01
9.376210000000000377e+00	2.153037505090805437e-01
9.388830000000000453e+00	2.128969266032374463e-01
9.407120000000000815e+00	2.096439015124798022e-01
9.410289999999999822e+00	2.091075754559938715e-01
9.422000000000000597e+00	2.071299673158270571e-01
9.425420000000000798e+00	2.065714764225782263e-01
9.443709999999999383e+00	2.036411309367062439e-01
9.447950000000000514e+00	2.029847927595229140e-01
9.461999999999999744e+00	2.008285118361288202e-01
9.480290000000000106e+00	1.981208116335929359e-01
9.489200000000000301e+00	1.968388983210469234e-01
9.498580000000000467e+00	1.954979138433833030e-01
9.516870000000000829e+00	1.929575843721399175e-01
9.534029999999999561e+00	1.906376341084162485e-01
9.535170000000000812e+00	1.904883811637141933e-01
9.541999999999999815e+00	1.895918257156784525e-01
9.553459999999999397e+00	1.880835998351719773e-01
9.571749999999999758e+00	1.857207811981065604e-01
9.582459999999999312e+00	1.843265029675899003e-01
9.590040000000000120e+00	1.833277960625973035e-01
9.608330000000000481e+00	1.809883180583688744e-01
9.626620000000000843e+00	1.786594208805267203e-01
9.634460000000000690e+00	1.776569123921031279e-01
9.644920000000000826e+00	1.762945324787918711e-01
9.663209999999999411e+00	1.739081913197537688e-01
9.681499999999999773e+00	1.715050702123511461e-01
9.690060000000000784e+00	1.703852238281101383e-01
9.692000000000000171e+00	1.701292324894724262e-01
9.699790000000000134e+00	1.690995706873051896e-01
9.718080000000000496e+00	1.666943651463025644e-01
9.736370000000000857e+00	1.643011635131746695e-01
9.749240000000000350e+00	1.626291585739122192e-01
9.754670000000000840e+00	1.619240670512308855e-01
9.772959999999999425e+00	1.595705126326426582e-01
9.791249999999999787e+00	1.573580629403538156e-01
9.809540000000000148e+00	1.552622179228013988e-01
9.812010000000000787e+00	1.549908367092484585e-01
9.827830000000000510e+00	1.532888828522889213e-01
9.842000000000000526e+00	1.518050047699824601e-01
9.846120000000000871e+00	1.513801947611210785e-01
9.864420000000000854e+00	1.494953163394902029e-01
9.878370000000000317e+00	1.481219270167178914e-01
9.882709999999999440e+00	1.476766802405847512e-01
9.900999999999999801e+00	1.459428674999372622e-01
9.919290000000000163e+00	1.442423957076233443e-01
9.937580000000000524e+00	1.425074165078755173e-01
9.948309999999999320e+00	1.415295361974857336e-01
9.955870000000000886e+00	1.408506111404155825e-01
9.974170000000000869e+00	1.392548677475574370e-01
9.992459999999999454e+00	1.377563412996926362e-01
1.001069999999999993e+01	1.363020373875524771e-01
1.002180000000000071e+01	1.354648730788706734e-01
1.002899999999999991e+01	1.349266085792858727e-01
1.004729999999999990e+01	1.336110855636217509e-01
1.006559999999999988e+01	1.322964397635489064e-01
1.008389999999999986e+01	1.309839836038356742e-01
1.009900000000000020e+01	1.298507346930432849e-01
1.010219999999999985e+01	1.296043797150420451e-01
1.012049999999999983e+01	1.281964432106451057e-01
1.013199999999999967e+01	1.274427878092430078e-01
1.013879999999999981e+01	1.269048221867320470e-01
1.015709999999999980e+01	1.256103559204965747e-01
1.017539999999999978e+01	1.242913506418132363e-01
1.017970000000000041e+01	1.243699042327944954e-01
1.019369999999999976e+01	1.230606486362488400e-01
1.021199999999999974e+01	1.213602541669590584e-01
1.022189999999999976e+01	1.204057785310673895e-01
1.023019999999999996e+01	1.196295544206120581e-01
1.024849999999999994e+01	1.180197502838627316e-01
1.026420000000000066e+01	1.167593179593488656e-01
1.026679999999999993e+01	1.165731073304070997e-01
1.028509999999999991e+01	1.151655977149895205e-01
1.030339999999999989e+01	1.142550791368088237e-01
1.030649999999999977e+01	1.136870789878167698e-01
1.031160000000000032e+01	1.125998577841947762e-01
1.032169999999999987e+01	1.114740756501705066e-01
1.032520000000000060e+01	1.111171239059890459e-01
1.033869999999999933e+01	1.097279136646929915e-01
1.033999999999999986e+01	1.095988784712016439e-01
1.034869999999999912e+01	1.087127519827861405e-01
1.035200000000000031e+01	1.083894660890580841e-01
1.035229999999999961e+01	1.083581325421402591e-01
1.036589999999999989e+01	1.070070416078682390e-01
1.037199999999999989e+01	1.062027927522060378e-01
1.037950000000000017e+01	1.050344898907194374e-01
1.039100000000000001e+01	1.032845062795322427e-01
1.039310000000000045e+01	1.029773056934287639e-01
1.040659999999999918e+01	1.011742530077775482e-01
1.042019999999999946e+01	9.960789383454561607e-02
1.043329999999999913e+01	9.832069357659961595e-02
1.043379999999999974e+01	9.827516680504735924e-02
1.044740000000000002e+01	9.723320096998891438e-02
1.046090000000000053e+01	9.618606239124996571e-02
1.047450000000000081e+01	9.503305616902618658e-02
1.047550000000000026e+01	9.494844379890383934e-02
1.048809999999999931e+01	9.401477133157234989e-02
1.049200000000000088e+01	9.376397683539650085e-02
1.050169999999999959e+01	9.324647035757396840e-02
1.050200000000000067e+01	9.322669528671505279e-02
1.051529999999999987e+01	9.249690393050853665e-02
1.051779999999999937e+01	9.238257477666055040e-02
1.052880000000000038e+01	9.191937527022682464e-02
1.054240000000000066e+01	9.129986782897303588e-02
1.054649999999999999e+01	9.104728227721148315e-02
1.055599999999999916e+01	9.040091060096835940e-02
1.056959999999999944e+01	8.932570335110924520e-02
1.057199999999999918e+01	8.913529685213368581e-02
1.057520000000000060e+01	8.888090713384631802e-02
1.058309999999999995e+01	8.823609995349807056e-02
1.059670000000000023e+01	8.649707919207208495e-02
1.060389999999999944e+01	8.602495897684371562e-02
1.061030000000000051e+01	8.560310741925562794e-02
1.062390000000000079e+01	8.460805953951022751e-02
1.063260000000000005e+01	8.390924535033099374e-02
1.063739999999999952e+01	8.348166343161572689e-02
1.065099999999999980e+01	8.212805138765448543e-02
1.066140000000000043e+01	8.085051200148028749e-02
1.066460000000000008e+01	8.041148275535670020e-02
1.067820000000000036e+01	7.812519599452855124e-02
1.069009999999999927e+01	7.550932619463085471e-02
1.069180000000000064e+01	7.507798686256385301e-02
1.070529999999999937e+01	7.102280610963679353e-02
1.071879999999999988e+01	6.578640761788082103e-02
1.071889999999999965e+01	6.572853206438394880e-02
1.073249999999999993e+01	5.932707284370099948e-02
1.074610000000000021e+01	5.225286788075662187e-02
1.074750000000000050e+01	5.150271096722146280e-02
1.075960000000000072e+01	4.525755601560103869e-02
1.077319999999999922e+01	3.906938007815489305e-02
1.077619999999999933e+01	3.787118842080496040e-02
1.078679999999999950e+01	3.411570146117315350e-02
1.080039999999999978e+01	3.045158055524127896e-02
1.080489999999999995e+01	2.948373836520237073e-02
1.081400000000000006e+01	2.784674153448243525e-02
1.082750000000000057e+01	2.600923670795762463e-02
1.083360000000000056e+01	2.539063537339271426e-02
1.084110000000000085e+01	2.473185558736375189e-02
1.084200000000000053e+01	2.465978058673459067e-02
1.086229999999999940e+01	2.334265619372893202e-02
1.087199999999999989e+01	2.286404676173576372e-02
1.089100000000000001e+01	2.207884949009938230e-02
1.091980000000000040e+01	2.110895259543247790e-02
1.094849999999999923e+01	2.026046387654312220e-02
1.095199999999999996e+01	2.016030065378036223e-02
1.097719999999999985e+01	1.946983504924402683e-02
1.100200000000000067e+01	1.881667331800542659e-02
1.101999999999999957e+01	1.835897821758773404e-02
1.108629999999999960e+01	1.677744478676230708e-02
1.111999999999999922e+01	1.602529791469660056e-02
1.117200000000000060e+01	1.491203609663400813e-02
1.119549999999999912e+01	1.442641021199563174e-02
1.122000000000000064e+01	1.392689990313131232e-02
1.130460000000000065e+01	1.229406095983021953e-02
1.132000000000000028e+01	1.201329434973052133e-02
1.134299999999999997e+01	1.160958636217587596e-02
1.141380000000000017e+01	1.046815006606885944e-02
1.141999999999999993e+01	1.037341771432944044e-02
1.145299999999999940e+01	9.887936159385003407e-03
1.151999999999999957e+01	8.970582329902962102e-03
1.152289999999999992e+01	8.933552922939121815e-03
1.154299999999999926e+01	8.683213247381747421e-03
1.161999999999999922e+01	7.792833211712668108e-03
1.163209999999999944e+01	7.660003559923919160e-03
1.165300000000000047e+01	7.432391077647319995e-03
1.172000000000000064e+01	6.742427494690917192e-03
1.173300000000000054e+01	6.624855422260692364e-03
1.174119999999999919e+01	6.541751805209009875e-03
1.181300000000000061e+01	5.854987026137760224e-03
1.182000000000000028e+01	5.795347830299590539e-03
1.185040000000000049e+01	5.547154811986250260e-03
1.190300000000000047e+01	5.112487080415862098e-03
1.191999999999999993e+01	5.044144526692160777e-03
1.192300000000000004e+01	5.028507845285012760e-03
1.193299999999999983e+01	4.966767109934678084e-03
1.194299999999999962e+01	4.889146392241637204e-03
1.195299999999999940e+01	4.785570929507966531e-03
1.195950000000000024e+01	4.712249488649549595e-03
1.199300000000000033e+01	4.382905088504545146e-03
1.200300000000000011e+01	4.306497899918392686e-03
1.201299999999999990e+01	4.231715104117331552e-03
1.206869999999999976e+01	3.815661230592824922e-03
1.209929999999999950e+01	3.635154878580999435e-03
1.212989999999999924e+01	3.452478706778308766e-03
1.216060000000000052e+01	3.263539589718734545e-03
1.219120000000000026e+01	3.089426136253858174e-03
1.219299999999999962e+01	3.078542557027930809e-03
1.222180000000000000e+01	2.893054620076624967e-03
1.225239999999999974e+01	2.631844972205735558e-03
1.228309999999999924e+01	2.276774403161152104e-03
1.231370000000000076e+01	1.892631636295948310e-03
1.234430000000000049e+01	1.605842026854630185e-03
1.237299999999999933e+01	1.443062621052761032e-03
1.237490000000000023e+01	1.434468631707385344e-03
1.240559999999999974e+01	1.325083087330351404e-03
1.243619999999999948e+01	1.239450580188211290e-03
1.246679999999999922e+01	1.164284936131457964e-03
1.249740000000000073e+01	1.095368477795087125e-03
1.252810000000000024e+01	1.030636159943595833e-03
1.254299999999999926e+01	1.000286601295987147e-03
1.263719999999999999e+01	8.278297272113774655e-04
1.271299999999999919e+01	7.101372381587804650e-04
1.274639999999999951e+01	6.635485317850725985e-04
1.285549999999999926e+01	5.307170919036252208e-04
1.288299999999999912e+01	5.016483312947321452e-04
1.296470000000000056e+01	4.247403184506082252e-04
1.304299999999999926e+01	3.623282108234626145e-04
1.305300000000000082e+01	3.550134006862123970e-04
1.307380000000000031e+01	3.402683338846004845e-04
1.318299999999999983e+01	2.728212607993937139e-04
1.324300000000000033e+01	2.415700503284985094e-04
1.329209999999999958e+01	2.185663284617794301e-04
1.330300000000000082e+01	2.137104880595644277e-04
1.334299999999999997e+01	1.968738578921605737e-04
1.340119999999999933e+01	1.750736499434600905e-04
1.351040000000000063e+01	1.444681725173054270e-04
1.352299999999999969e+01	1.413143282918426810e-04
1.356300000000000061e+01	1.305147321589453734e-04
1.361950000000000038e+01	1.155066447665096618e-04
1.371139999999999937e+01	9.435956129307013728e-05
1.375300000000000011e+01	8.608322584445017892e-05
1.376299999999999990e+01	8.419219420796620614e-05
1.380330000000000013e+01	7.670193602232175433e-05
1.385299999999999976e+01	6.716232234159705012e-05
1.388299999999999912e+01	6.209390372896307327e-05
1.389520000000000088e+01	6.031226571944888685e-05
1.398700000000000010e+01	4.924861349050918048e-05
1.405300000000000082e+01	4.265675291219447695e-05
1.406300000000000061e+01	4.174723232378277566e-05
1.407890000000000086e+01	4.034365348633142337e-05
1.422300000000000075e+01	2.946479045759637212e-05
1.423300000000000054e+01	2.882563657886970474e-05
1.424300000000000033e+01	2.820630284985767687e-05
1.429299999999999926e+01	2.530834451447735973e-05
1.437299999999999933e+01	2.128026376458182740e-05
1.439300000000000068e+01	2.037881792931992323e-05
1.440300000000000047e+01	1.994602466865707250e-05
1.443299999999999983e+01	1.870847163223914039e-05
1.444280000000000008e+01	1.832258384071231951e-05
1.446299999999999919e+01	1.754385881107159933e-05
1.462299999999999933e+01	1.247730378929340124e-05
1.477299999999999969e+01	9.092239674253297245e-06
1.480659999999999954e+01	8.471937687665101452e-06
1.507300000000000040e+01	4.865981766615205755e-06
1.509299999999999997e+01	4.666644342091693485e-06
1.517040000000000077e+01	3.975469275385853074e-06
1.517300000000000004e+01	3.954510007156752325e-06
1.519299999999999962e+01	3.794709297032145762e-06
1.534399999999999942e+01	2.778257953340792679e-06
1.535399999999999920e+01	2.721600867273867126e-06
1.540010000000000012e+01	2.473301947192542521e-06
1.551399999999999935e+01	1.952518720548659324e-06
1.552399999999999913e+01	1.912256474609069807e-06
1.562979999999999947e+01	1.532405000677889854e-06
1.564400000000000013e+01	1.487350890565240001e-06
1.566399999999999970e+01	1.425598122729325143e-06
1.568399999999999928e+01	1.366606566946666326e-06
1.582399999999999984e+01	1.017535818467931402e-06
1.594400000000000084e+01	7.905210274907774877e-07
1.599360000000000070e+01	7.123402607712910244e-07
1.622400000000000020e+01	4.377081296992299951e-07
1.631400000000000006e+01	3.616316166046468745e-07
1.635750000000000171e+01	3.298625275913241017e-07
1.649399999999999977e+01	2.470262235180207530e-07
1.663400000000000034e+01	1.839183289799536370e-07
1.664399999999999835e+01	1.801097031994733184e-07
1.668400000000000105e+01	1.656037521411986772e-07
1.672129999999999939e+01	1.531868334924106232e-07
1.683399999999999963e+01	1.210171335507883988e-07
1.695100000000000051e+01	9.477268385405095855e-08
1.698400000000000176e+01	8.846538395353381899e-08
1.715399999999999991e+01	6.202589654557804625e-08
1.718070000000000164e+01	5.864657784787258502e-08
1.734400000000000119e+01	4.164703441205073776e-08
1.753399999999999892e+01	2.799251144373756302e-08
1.754449999999999932e+01	2.738482125987689399e-08
1.768400000000000105e+01	2.043503100694348042e-08
1.790830000000000055e+01	1.272204614716986475e-08
1.796399999999999864e+01	1.130526211976209110e-08
1.798400000000000176e+01	1.083433075655143753e-08
1.808399999999999963e+01	8.768889617307727143e-09
1.827220000000000155e+01	5.889312222946127589e-09
1.831400000000000006e+01	5.393218330993177066e-09
1.832400000000000162e+01	5.279236284124287827e-09
1.833399999999999963e+01	5.167996844299839844e-09
1.834400000000000119e+01	5.058124465058860766e-09
1.838400000000000034e+01	4.646936091176832998e-09
1.840399999999999991e+01	4.453346780696825488e-09
1.849399999999999977e+01	3.681708075683790408e-09
1.850189999999999912e+01	3.620979138872175978e-09
1.851399999999999935e+01	3.529403942728087163e-09
1.865399999999999991e+01	2.627106150576200834e-09
1.868400000000000105e+01	2.466189416976710325e-09
1.873150000000000048e+01	2.231383044469724309e-09
1.880399999999999849e+01	1.914011826824554312e-09
1.885399999999999920e+01	1.721738238556098658e-09
1.887399999999999878e+01	1.650347402871269009e-09
1.889399999999999835e+01	1.581920094560333613e-09
1.899399999999999977e+01	1.280052586429720660e-09
1.900400000000000134e+01	1.253233195921235689e-09
1.909540000000000148e+01	1.032777468692863062e-09
1.917399999999999949e+01	8.743914770167747680e-10
1.918400000000000105e+01	8.560732247200754800e-10
1.920400000000000063e+01	8.205759707307614532e-10
1.922400000000000020e+01	7.865537820566974532e-10
1.931289999999999907e+01	6.515902033703008588e-10
