0.000000000000000000e+00	9.999999941818726867e-01
9.999199999999999755e-03	9.999999940627612993e-01
1.999949999999999992e-02	9.999999939411980954e-01
3.999989999999999796e-02	9.999999936905559217e-01
4.999920000000000059e-02	9.999999935613848034e-01
1.100000000000000006e-01	9.999999927288223400e-01
1.210750000000000021e-01	9.999999925637661491e-01
3.399989999999999957e-01	9.999999884108873305e-01
4.849069999999999769e-01	9.999999844547411421e-01
5.099989999999999801e-01	9.999999836103827811e-01
6.699990000000000112e-01	9.999999772100193196e-01
8.299999999999999600e-01	9.999999683623385094e-01
8.487390000000000212e-01	9.999999671206054597e-01
9.899999999999999911e-01	9.999999560701274826e-01
1.149999999999999911e+00	9.999999390014910894e-01
1.212569999999999926e+00	9.999999306816592659e-01
1.310000000000000053e+00	9.999999154932659451e-01
1.442260000000000097e+00	9.999998895172284019e-01
1.469999999999999973e+00	9.999998831534745447e-01
1.629999999999999893e+00	9.999998387675279599e-01
1.671950000000000047e+00	9.999998246037803407e-01
1.909999999999999920e+00	9.999997174333002947e-01
2.035779999999999923e+00	9.999996358749336789e-01
2.189999999999999947e+00	9.999995019499499094e-01
2.370000000000000107e+00	9.999992835493295429e-01
2.390000000000000124e+00	9.999992576151286450e-01
2.399610000000000021e+00	9.999992468887924923e-01
2.399999999999999911e+00	9.999992464366754819e-01
2.410000000000000142e+00	9.999992313958633305e-01
2.419999999999999929e+00	9.999992139318734097e-01
2.430000000000000160e+00	9.999991959290684962e-01
2.439999999999999947e+00	9.999991766572549068e-01
2.490000000000000213e+00	9.999990816065656984e-01
2.509999999999999787e+00	9.999990427703516760e-01
2.580000000000000071e+00	9.999988969366873093e-01
2.589999999999999858e+00	9.999988744924861450e-01
2.763440000000000119e+00	9.999983979548489055e-01
2.799999999999999822e+00	9.999982733571924909e-01
2.810000000000000053e+00	9.999982378528017302e-01
2.819999999999999840e+00	9.999982018565772846e-01
2.830000000000000071e+00	9.999981656268469576e-01
2.839999999999999858e+00	9.999981289242219074e-01
2.850000000000000089e+00	9.999980907831418353e-01
2.859999999999999876e+00	9.999980495047066098e-01
2.870000000000000107e+00	9.999980062922261270e-01
2.879999999999999893e+00	9.999979622676605784e-01
2.890000000000000124e+00	9.999979171131639921e-01
2.919999999999999929e+00	9.999977834923832187e-01
2.930000000000000160e+00	9.999977409417516450e-01
2.939999999999999947e+00	9.999976967088367585e-01
2.950000000000000178e+00	9.999976515257160692e-01
2.959999999999999964e+00	9.999976051888374018e-01
2.970000000000000195e+00	9.999975547917693275e-01
2.979999999999999982e+00	9.999975005776783332e-01
2.990000000000000213e+00	9.999974466359711212e-01
2.993129999999999846e+00	9.999974297411928781e-01
3.000000000000000000e+00	9.999973921775768826e-01
3.009999999999999787e+00	9.999973364023635458e-01
3.020000000000000018e+00	9.999972798952898589e-01
3.029999999999999805e+00	9.999972229737817964e-01
3.040000000000000036e+00	9.999971647724760215e-01
3.049999999999999822e+00	9.999971053416667477e-01
3.060000000000000053e+00	9.999970449242240322e-01
3.069999999999999840e+00	9.999969833863177060e-01
3.080000000000000071e+00	9.999969212632973115e-01
3.089999999999999858e+00	9.999968577927155211e-01
3.100000000000000089e+00	9.999967930207903644e-01
3.109999999999999876e+00	9.999967260543991543e-01
3.120000000000000107e+00	9.999966576265510998e-01
3.129999999999999893e+00	9.999965872959301061e-01
3.140000000000000124e+00	9.999965151446188472e-01
3.149999999999999911e+00	9.999964410307378149e-01
3.180000000000000160e+00	9.999962072662353929e-01
3.189999999999999947e+00	9.999961264834351660e-01
3.200000000000000178e+00	9.999960450245197752e-01
3.222820000000000018e+00	9.999958551439361853e-01
3.400999999999999801e+00	9.999940600531612711e-01
3.586650000000000116e+00	9.999913672328246683e-01
3.600999999999999979e+00	9.999911165855330797e-01
3.670999999999999819e+00	9.999897339813131891e-01
3.681000000000000050e+00	9.999895092873936076e-01
3.690999999999999837e+00	9.999892827831077247e-01
3.701000000000000068e+00	9.999890541795458665e-01
3.710999999999999854e+00	9.999888239102109333e-01
3.721000000000000085e+00	9.999885930471789086e-01
3.730999999999999872e+00	9.999883561246410979e-01
3.741000000000000103e+00	9.999881169858482188e-01
3.750999999999999890e+00	9.999878759564233555e-01
3.761000000000000121e+00	9.999876355421724039e-01
3.781000000000000139e+00	9.999871156683732831e-01
3.790999999999999925e+00	9.999868436754955070e-01
3.801000000000000156e+00	9.999865596387305100e-01
3.810999999999999943e+00	9.999862681975326684e-01
3.821000000000000174e+00	9.999859769764641859e-01
3.830999999999999961e+00	9.999856906788736621e-01
3.841000000000000192e+00	9.999853966290500606e-01
3.850999999999999979e+00	9.999851015231714380e-01
3.880999999999999783e+00	9.999841663100939027e-01
3.940999999999999837e+00	9.999820877054281798e-01
3.950480000000000214e+00	9.999817934683002951e-01
3.971000000000000085e+00	9.999811712983328604e-01
3.980999999999999872e+00	9.999808445900121301e-01
3.991000000000000103e+00	9.999804825069835701e-01
4.001000000000000334e+00	9.999800515435016690e-01
4.011000000000000121e+00	9.999795749285751434e-01
4.020999999999999908e+00	9.999790850874910042e-01
4.030999999999999694e+00	9.999785631068188740e-01
4.041000000000000369e+00	9.999780361934909045e-01
4.060999999999999943e+00	9.999770269781123044e-01
4.121000000000000441e+00	9.999738881357316256e-01
4.131000000000000227e+00	9.999733252723707055e-01
4.160999999999999588e+00	9.999716453032095886e-01
4.171000000000000263e+00	9.999710222596894793e-01
4.181000000000000050e+00	9.999703797265000471e-01
4.190999999999999837e+00	9.999697209282170096e-01
4.200999999999999623e+00	9.999690627364066220e-01
4.221000000000000085e+00	9.999678486578705838e-01
4.230999999999999872e+00	9.999672087730218095e-01
4.240999999999999659e+00	9.999665080403155049e-01
4.251000000000000334e+00	9.999657537814694575e-01
4.261000000000000121e+00	9.999649773901619909e-01
4.270999999999999908e+00	9.999641275863601075e-01
4.280999999999999694e+00	9.999632788884653678e-01
4.291000000000000369e+00	9.999624678484865248e-01
4.301000000000000156e+00	9.999616655289593758e-01
4.314320000000000377e+00	9.999605423951397620e-01
4.331000000000000405e+00	9.999592071090043222e-01
4.341000000000000192e+00	9.999583360866739490e-01
4.400999999999999801e+00	9.999524845817248098e-01
4.406189999999999607e+00	9.999519274991099937e-01
4.410999999999999588e+00	9.999514194433822833e-01
4.421000000000000263e+00	9.999503678025504216e-01
4.431000000000000050e+00	9.999493459387289729e-01
4.450999999999999623e+00	9.999474595180002368e-01
4.461000000000000298e+00	9.999463764326715909e-01
4.471000000000000085e+00	9.999452446229536440e-01
4.480999999999999872e+00	9.999440687183338561e-01
4.490999999999999659e+00	9.999428147765151431e-01
4.498070000000000235e+00	9.999418926263082819e-01
4.570999999999999730e+00	9.999313366398340230e-01
4.589940000000000353e+00	9.999280864437649630e-01
4.631000000000000227e+00	9.999211115389368132e-01
4.681820000000000093e+00	9.999123097946513994e-01
4.740999999999999659e+00	9.998996754460365288e-01
4.751000000000000334e+00	9.998976009396738363e-01
4.761000000000000121e+00	9.998956049518780143e-01
4.770999999999999908e+00	9.998937480827246871e-01
4.773690000000000211e+00	9.998932633502625178e-01
4.780999999999999694e+00	9.998918640942139335e-01
4.791000000000000369e+00	9.998895571328375587e-01
4.801000000000000156e+00	9.998870195545959128e-01
4.810999999999999943e+00	9.998844029221054530e-01
4.820999999999999730e+00	9.998814461912701734e-01
4.831000000000000405e+00	9.998784682528915058e-01
4.841000000000000192e+00	9.998755139858520602e-01
4.850999999999999979e+00	9.998726199803631420e-01
4.871000000000000441e+00	9.998669144367802186e-01
4.881000000000000227e+00	9.998640131655540664e-01
4.882839999999999847e+00	9.998634739401700555e-01
4.891000000000000014e+00	9.998610691117911786e-01
4.900999999999999801e+00	9.998581080415732680e-01
4.910999999999999588e+00	9.998550838112084671e-01
4.921000000000000263e+00	9.998520692735406445e-01
4.931000000000000050e+00	9.998490839942119068e-01
4.940999999999999837e+00	9.998460824935383462e-01
4.950999999999999623e+00	9.998431093722963681e-01
4.961000000000000298e+00	9.998406104391536209e-01
4.971000000000000085e+00	9.998377420585419229e-01
4.980999999999999872e+00	9.998343271949847733e-01
4.990999999999999659e+00	9.998304280016367951e-01
4.991990000000000371e+00	9.998300205514421002e-01
5.001000000000000334e+00	9.998263241280165303e-01
5.011000000000000121e+00	9.998224314630478338e-01
5.020999999999999908e+00	9.998191469497992312e-01
5.030999999999999694e+00	9.998154888064044732e-01
5.041000000000000369e+00	9.998103605435595398e-01
5.051000000000000156e+00	9.998048371426117020e-01
5.060999999999999943e+00	9.997986102319155188e-01
5.070999999999999730e+00	9.997898730294421110e-01
5.081000000000000405e+00	9.997804100393405946e-01
5.091000000000000192e+00	9.997724853126528366e-01
5.100999999999999979e+00	9.997648048856323522e-01
5.101140000000000008e+00	9.997646952425285338e-01
5.110999999999999766e+00	9.997575725444207695e-01
5.121000000000000441e+00	9.997524606406027470e-01
5.131000000000000227e+00	9.997494082301364715e-01
5.141000000000000014e+00	9.997447885571756343e-01
5.150999999999999801e+00	9.997397990456228234e-01
5.160999999999999588e+00	9.997340292528895667e-01
5.171000000000000263e+00	9.997279064128936632e-01
5.181000000000000050e+00	9.997223723762259651e-01
5.190999999999999837e+00	9.997168890507833749e-01
5.200999999999999623e+00	9.997105387084853634e-01
5.210289999999999644e+00	9.997040327928098380e-01
5.211000000000000298e+00	9.997035647936557412e-01
5.221000000000000085e+00	9.996970843388970351e-01
5.230999999999999872e+00	9.996906089519839167e-01
5.240999999999999659e+00	9.996836446670289700e-01
5.251000000000000334e+00	9.996760566392229874e-01
5.261000000000000121e+00	9.996678706920034685e-01
5.270999999999999908e+00	9.996595968160562062e-01
5.280999999999999694e+00	9.996497316369791220e-01
5.291000000000000369e+00	9.996396422366401469e-01
5.301000000000000156e+00	9.996308954086834397e-01
5.310999999999999943e+00	9.996225706347425799e-01
5.319440000000000168e+00	9.996148465681895523e-01
5.320999999999999730e+00	9.996133865922597339e-01
5.331000000000000405e+00	9.996049287231181246e-01
5.341000000000000192e+00	9.995979740662764845e-01
5.350999999999999979e+00	9.995897812335987620e-01
5.360999999999999766e+00	9.995823486977015726e-01
5.381000000000000227e+00	9.995675273124841054e-01
5.391000000000000014e+00	9.995580743201601948e-01
5.400999999999999801e+00	9.995478259864877257e-01
5.410999999999999588e+00	9.995373658177426623e-01
5.421000000000000263e+00	9.995265592925484111e-01
5.428589999999999804e+00	9.995189099219996542e-01
5.431000000000000050e+00	9.995166751779195335e-01
5.440999999999999837e+00	9.995087558507184111e-01
5.450999999999999623e+00	9.995020023338487825e-01
5.461000000000000298e+00	9.994926052409400796e-01
5.471000000000000085e+00	9.994798548737356958e-01
5.480999999999999872e+00	9.994627695379796339e-01
5.490999999999999659e+00	9.994439516195404716e-01
5.501000000000000334e+00	9.994234630088058013e-01
5.511000000000000121e+00	9.994051454670220824e-01
5.520999999999999908e+00	9.993896172721002946e-01
5.530999999999999694e+00	9.993722642291406055e-01
5.537740000000000329e+00	9.993662522177801932e-01
5.551000000000000156e+00	9.993501625512983821e-01
5.560999999999999943e+00	9.993371322952807612e-01
5.631000000000000227e+00	9.992475931557515123e-01
5.646889999999999965e+00	9.992241102688936838e-01
5.681000000000000050e+00	9.991895233870677906e-01
5.690999999999999837e+00	9.991803629805020570e-01
5.700999999999999623e+00	9.991714529002373446e-01
5.711000000000000298e+00	9.991618365471319763e-01
5.721000000000000085e+00	9.991521645716925359e-01
5.730999999999999872e+00	9.991426077962598518e-01
5.740999999999999659e+00	9.991346462397987516e-01
5.751000000000000334e+00	9.991237953427358764e-01
5.756039999999999601e+00	9.991175382673812555e-01
5.761000000000000121e+00	9.991111959284043609e-01
5.770999999999999908e+00	9.990981596262130671e-01
5.780999999999999694e+00	9.990814098233873342e-01
5.801000000000000156e+00	9.990447744152797238e-01
5.810999999999999943e+00	9.990296591025018547e-01
5.850999999999999979e+00	9.989659318464350068e-01
5.865190000000000126e+00	9.989408801808322691e-01
5.891000000000000014e+00	9.988957333111990744e-01
5.895809999999999995e+00	9.988888715517957317e-01
5.926440000000000374e+00	9.988503100995345108e-01
5.940999999999999837e+00	9.988498143386135286e-01
5.950999999999999623e+00	9.988357169547524839e-01
5.957060000000000244e+00	9.988285688229601167e-01
5.961000000000000298e+00	9.988244785060292896e-01
5.971000000000000085e+00	9.988108007837879221e-01
5.987689999999999735e+00	9.987833227656631729e-01
6.001000000000000334e+00	9.987560027489528203e-01
6.011000000000000121e+00	9.987380519750858054e-01
6.018309999999999604e+00	9.987314167478527072e-01
6.020999999999999908e+00	9.987280436395710170e-01
6.030999999999999694e+00	9.986973256082772865e-01
6.041000000000000369e+00	9.986442170826249631e-01
6.048939999999999984e+00	9.985979363276100695e-01
6.051000000000000156e+00	9.985851758406394385e-01
6.060999999999999943e+00	9.985136835110876019e-01
6.070999999999999730e+00	9.984279699538405328e-01
6.079559999999999853e+00	9.983605262544757997e-01
6.081000000000000405e+00	9.983512480741261186e-01
6.091000000000000192e+00	9.982932064308097653e-01
6.100999999999999979e+00	9.982326675784413128e-01
6.110190000000000232e+00	9.981762558579728717e-01
6.110999999999999766e+00	9.981716132860349866e-01
6.121000000000000441e+00	9.981185595801629340e-01
6.131000000000000227e+00	9.980558597508789598e-01
6.140810000000000102e+00	9.979899013270115971e-01
6.141000000000000014e+00	9.979886678634374286e-01
6.150999999999999801e+00	9.979228024533134400e-01
6.160999999999999588e+00	9.978508548974852621e-01
6.171000000000000263e+00	9.977766908085189401e-01
6.171439999999999593e+00	9.977735608932589706e-01
6.181000000000000050e+00	9.977142932577797163e-01
6.190999999999999837e+00	9.976713597680365586e-01
6.200999999999999623e+00	9.976276976821750742e-01
6.202060000000000350e+00	9.976231405751971870e-01
6.211000000000000298e+00	9.975860643468497102e-01
6.221000000000000085e+00	9.975475258162010972e-01
6.232689999999999841e+00	9.975035080010654642e-01
6.263309999999999711e+00	9.973768964382415669e-01
6.274000000000000021e+00	9.973314304238317662e-01
6.293940000000000090e+00	9.972433088596878159e-01
6.324559999999999960e+00	9.971066796211760508e-01
6.341440000000000410e+00	9.970324403159445126e-01
6.408890000000000420e+00	9.967273517380443870e-01
6.431000000000000050e+00	9.966249126468965658e-01
6.433709999999999596e+00	9.966121646429602077e-01
6.471000000000000085e+00	9.964215475159969859e-01
6.476329999999999920e+00	9.963941739404308384e-01
6.501000000000000334e+00	9.962736086136882996e-01
6.511000000000000121e+00	9.962287749534017856e-01
6.542860000000000120e+00	9.960903118703589021e-01
6.543779999999999930e+00	9.960859800153559762e-01
6.581000000000000405e+00	9.959138579052803086e-01
6.611220000000000319e+00	9.957907758690713873e-01
6.650999999999999801e+00	9.954904967383879644e-01
6.652009999999999756e+00	9.954799455022639298e-01
6.671000000000000263e+00	9.952955100504535801e-01
6.678670000000000329e+00	9.952268849766946479e-01
6.746109999999999829e+00	9.946509389970207282e-01
6.751000000000000334e+00	9.946055136140852238e-01
6.761000000000000121e+00	9.945190247668149741e-01
6.761160000000000281e+00	9.945176471564387555e-01
6.770999999999999908e+00	9.944327147223245289e-01
6.780999999999999694e+00	9.943430898705492016e-01
6.791000000000000369e+00	9.942521515558276901e-01
6.801000000000000156e+00	9.941620698792427158e-01
6.813550000000000217e+00	9.940528558466044107e-01
6.820999999999999730e+00	9.939775615693572375e-01
6.831000000000000405e+00	9.938665602695584411e-01
6.870309999999999917e+00	9.934902615983403074e-01
6.881000000000000227e+00	9.933868321064922569e-01
6.881000000000000227e+00	9.933868301615029761e-01
6.891000000000000014e+00	9.932916315342867897e-01
6.900999999999999801e+00	9.931977303371652965e-01
6.910999999999999588e+00	9.931133358617456608e-01
6.921000000000000263e+00	9.930266582866342784e-01
6.931000000000000050e+00	9.929449812005484155e-01
6.940999999999999837e+00	9.928703000938757794e-01
6.950999999999999623e+00	9.927927131226452762e-01
6.961000000000000298e+00	9.927147584174609296e-01
6.971000000000000085e+00	9.926131771196829989e-01
6.979460000000000441e+00	9.925326542106136518e-01
6.980999999999999872e+00	9.925181734468440098e-01
6.990999999999999659e+00	9.924261890800963881e-01
7.001000000000000334e+00	9.923598050286536187e-01
7.011000000000000121e+00	9.923017878970358252e-01
7.020999999999999908e+00	9.922718920358025718e-01
7.030999999999999694e+00	9.922542107404573875e-01
7.041000000000000369e+00	9.922206943994446027e-01
7.051000000000000156e+00	9.922714811464781182e-01
7.060999999999999943e+00	9.922224414098006484e-01
7.070999999999999730e+00	9.921065649547629040e-01
7.081000000000000405e+00	9.919686047626435910e-01
7.088610000000000078e+00	9.918494326238663783e-01
7.091000000000000192e+00	9.918012061115195621e-01
7.110999999999999766e+00	9.913436075528397895e-01
7.141000000000000014e+00	9.909682639953769634e-01
7.150999999999999801e+00	9.908578246801693634e-01
7.160999999999999588e+00	9.907332247944374837e-01
7.171000000000000263e+00	9.907077304986280364e-01
7.190999999999999837e+00	9.901665985473593334e-01
7.197759999999999714e+00	9.899731971657290686e-01
7.200999999999999623e+00	9.898777410561772072e-01
7.211000000000000298e+00	9.895755753218234974e-01
7.221000000000000085e+00	9.892685703280945653e-01
7.230999999999999872e+00	9.890707116872810012e-01
7.240999999999999659e+00	9.891040208922399213e-01
7.251000000000000334e+00	9.889932682138411479e-01
7.261000000000000121e+00	9.888990592577922012e-01
7.270999999999999908e+00	9.888059864257332521e-01
7.282000000000000028e+00	9.886760176104490982e-01
7.291999999999999815e+00	9.885361137725536818e-01
7.301999999999999602e+00	9.883964948505047365e-01
7.306910000000000238e+00	9.883349824599501066e-01
7.312000000000000277e+00	9.882769763629604132e-01
7.322000000000000064e+00	9.881750514833282928e-01
7.331999999999999851e+00	9.880488752027821731e-01
7.341999999999999638e+00	9.879411507750542887e-01
7.352000000000000313e+00	9.878190297739083414e-01
7.362000000000000099e+00	9.876740647989972199e-01
7.371999999999999886e+00	9.875284256412971695e-01
7.377609999999999779e+00	9.874512186391783963e-01
7.381999999999999673e+00	9.873897552373844810e-01
7.385729999999999684e+00	9.873402934344044368e-01
7.392000000000000348e+00	9.872704924553726835e-01
7.393849999999999589e+00	9.872541050682868136e-01
7.401959999999999873e+00	9.872005657814209023e-01
7.402000000000000135e+00	9.872001687015222737e-01
7.410079999999999778e+00	9.871365487947787454e-01
7.411999999999999922e+00	9.871235080863252076e-01
7.416059999999999874e+00	9.870884002574662475e-01
7.418199999999999683e+00	9.870650356807826320e-01
7.421999999999999709e+00	9.870140887030901533e-01
7.426319999999999588e+00	9.869422230070694635e-01
7.432000000000000384e+00	9.868276188907710855e-01
7.434429999999999872e+00	9.867777467715785900e-01
7.442000000000000171e+00	9.866007264229847973e-01
7.442549999999999777e+00	9.865873660372941334e-01
7.444770000000000110e+00	9.865346182065839464e-01
7.450669999999999682e+00	9.863970433666492399e-01
7.451999999999999957e+00	9.863594256455229248e-01
7.458779999999999966e+00	9.860115337321644358e-01
7.461999999999999744e+00	9.858056526994917190e-01
7.466899999999999871e+00	9.855338864938066878e-01
7.472000000000000419e+00	9.853291687944930599e-01
7.473480000000000345e+00	9.852830547419506591e-01
7.475019999999999776e+00	9.852357523786430260e-01
7.482000000000000206e+00	9.850385761926890860e-01
7.483139999999999681e+00	9.850115084154550393e-01
7.491249999999999964e+00	9.848570234253890554e-01
7.491999999999999993e+00	9.848465062538439563e-01
7.499369999999999870e+00	9.847786323635526751e-01
7.502189999999999692e+00	9.847733842525392411e-01
7.507489999999999775e+00	9.847970756289405880e-01
7.515600000000000058e+00	9.849541939943846636e-01
7.523719999999999963e+00	9.849524507663832695e-01
7.530899999999999928e+00	9.847425077309680530e-01
7.531839999999999868e+00	9.847126730294384345e-01
7.539959999999999773e+00	9.844334752773623576e-01
7.548070000000000057e+00	9.841074500516669987e-01
7.556189999999999962e+00	9.837018870953011529e-01
7.559619999999999784e+00	9.835233759325268110e-01
7.564309999999999867e+00	9.832337844909797564e-01
7.572420000000000151e+00	9.825709909237045903e-01
7.580540000000000056e+00	9.817567370481389277e-01
7.588330000000000020e+00	9.809083545067630583e-01
7.588659999999999961e+00	9.808739249378609637e-01
7.596779999999999866e+00	9.800374939349540959e-01
7.604890000000000150e+00	9.786769044999020783e-01
7.613010000000000055e+00	9.764133952141469397e-01
7.617040000000000255e+00	9.750578791003986501e-01
7.621129999999999960e+00	9.735682214477158203e-01
7.629240000000000244e+00	9.705253754143757794e-01
7.637360000000000149e+00	9.671820565648608925e-01
7.645480000000000054e+00	9.636388537602378346e-01
7.645749999999999602e+00	9.635205643932462927e-01
7.653599999999999959e+00	9.600790516031160182e-01
7.661710000000000242e+00	9.566310242592540591e-01
7.669830000000000148e+00	9.534540080885025581e-01
7.671999999999999709e+00	9.526619384555264913e-01
7.674459999999999837e+00	9.518054205051382777e-01
7.677950000000000053e+00	9.506886398459104548e-01
7.686060000000000336e+00	9.485946646694390916e-01
7.694180000000000241e+00	9.472363667263880016e-01
7.703170000000000073e+00	9.462203298441759225e-01
7.706000000000000405e+00	9.455223705616568886e-01
7.724289999999999878e+00	9.420480134958434393e-01
7.731880000000000308e+00	9.410824485698320307e-01
7.742580000000000240e+00	9.400637360093194728e-01
7.760589999999999655e+00	9.383678816948394230e-01
7.760869999999999713e+00	9.383481735100783760e-01
7.779169999999999696e+00	9.374160536999331939e-01
7.789299999999999891e+00	9.368829251686494608e-01
7.797460000000000058e+00	9.364642845019973683e-01
7.815750000000000419e+00	9.355284717884333467e-01
7.818010000000000126e+00	9.354112333168870252e-01
7.834039999999999893e+00	9.345744615037672176e-01
7.846720000000000361e+00	9.338978703575051554e-01
7.852000000000000313e+00	9.336109467057758238e-01
7.852330000000000254e+00	9.335928849747472391e-01
7.870619999999999727e+00	9.326056443782214656e-01
7.875440000000000218e+00	9.323436607432953327e-01
7.888919999999999710e+00	9.316066421405894138e-01
7.907210000000000072e+00	9.306104288744166952e-01
7.917699999999999960e+00	9.300449865544055950e-01
7.925500000000000433e+00	9.296273557742953386e-01
7.943789999999999907e+00	9.286715943354684200e-01
7.959970000000000212e+00	9.278706708541026860e-01
7.962080000000000268e+00	9.277700422087147292e-01
7.980369999999999742e+00	9.269413084335246245e-01
7.998669999999999725e+00	9.262465771415639981e-01
8.002240000000000464e+00	9.261254873466401305e-01
8.016959999999999198e+00	9.256076365501426650e-01
8.035249999999999559e+00	9.247588294116749763e-01
8.044510000000000716e+00	9.242694047755510844e-01
8.053539999999999921e+00	9.238831693434048642e-01
8.071830000000000283e+00	9.233263172857404388e-01
8.086779999999999191e+00	9.226838212524021143e-01
8.090120000000000644e+00	9.225354493565119940e-01
8.108420000000000627e+00	9.216734906371513159e-01
8.112000000000000099e+00	9.215072747575960843e-01
8.126709999999999212e+00	9.208503730940605925e-01
8.129049999999999443e+00	9.207551343052362558e-01
8.144999999999999574e+00	9.201840186219557571e-01
8.163289999999999935e+00	9.195980950364907036e-01
8.171310000000000073e+00	9.193282720656419382e-01
8.181580000000000297e+00	9.189786224191934805e-01
8.199870000000000658e+00	9.182657555440385533e-01
8.213580000000000325e+00	9.174972627023059157e-01
8.218170000000000641e+00	9.172278750260690616e-01
8.236459999999999226e+00	9.164970243789333226e-01
8.254749999999999588e+00	9.159490267905907590e-01
8.272000000000000242e+00	9.154862261295459991e-01
8.273039999999999949e+00	9.154588627985096316e-01
8.291330000000000311e+00	9.149430921663406213e-01
8.294290000000000163e+00	9.148508835038107190e-01
8.309620000000000672e+00	9.142345270134937252e-01
8.327920000000000655e+00	9.136895835520955078e-01
8.346209999999999241e+00	9.131128420365369758e-01
8.364499999999999602e+00	9.126943551471802252e-01
8.371399999999999508e+00	9.124735663170026045e-01
8.382789999999999964e+00	9.117834197977324751e-01
8.401080000000000325e+00	9.110428429108464732e-01
8.419370000000000687e+00	9.104425934775325358e-01
8.422000000000000597e+00	9.103801197331482520e-01
8.437670000000000670e+00	9.101059697766166190e-01
8.444929999999999382e+00	9.100218352490710982e-01
8.455959999999999255e+00	9.098367109846308143e-01
8.474249999999999616e+00	9.095796775508294685e-01
8.492539999999999978e+00	9.096190362083076408e-01
8.510830000000000339e+00	9.096191027117550565e-01
8.514870000000000161e+00	9.096082020702255244e-01
8.529120000000000701e+00	9.096230734891959102e-01
8.547420000000000684e+00	9.093071885359799156e-01
8.565709999999999269e+00	9.088935743762200925e-01
8.571999999999999176e+00	9.087826201341264731e-01
8.581229999999999691e+00	9.094491419222001660e-01
8.583999999999999631e+00	9.094753938060297083e-01
8.602289999999999992e+00	9.101418528565354826e-01
8.620580000000000354e+00	9.108057455886687803e-01
8.638870000000000715e+00	9.138955616226831502e-01
8.644000000000000128e+00	9.134437084680190333e-01
8.657170000000000698e+00	9.131274676942687796e-01
8.675459999999999283e+00	9.122187811144917280e-01
8.693749999999999645e+00	9.112362146636497906e-01
8.703179999999999694e+00	9.107751845331365503e-01
8.711999999999999744e+00	9.102486356931006606e-01
8.712040000000000006e+00	9.102466883925319774e-01
8.730330000000000368e+00	9.094980370404207592e-01
8.748620000000000729e+00	9.108605123926799552e-01
8.758779999999999788e+00	9.065906899360582916e-01
8.766920000000000712e+00	9.035719074169326070e-01
8.785209999999999297e+00	8.996530720431119565e-01
8.803499999999999659e+00	8.960889828381520816e-01
8.810790000000000788e+00	8.948370148852015094e-01
8.821790000000000020e+00	8.929525380726478501e-01
8.840080000000000382e+00	8.896444869654637211e-01
8.858370000000000744e+00	8.859430452927363753e-01
8.859209999999999141e+00	8.857688168769325410e-01
8.876670000000000726e+00	8.817905361807950593e-01
8.881999999999999673e+00	8.807507708543320657e-01
8.894959999999999312e+00	8.786494307720035257e-01
8.904040000000000177e+00	8.768816107832837492e-01
8.913249999999999673e+00	8.755801868036271474e-01
8.931540000000000035e+00	8.728844281381402670e-01
8.945289999999999964e+00	8.722976266123769751e-01
8.949830000000000396e+00	8.735359927806679581e-01
8.968120000000000758e+00	8.717497265641933613e-01
8.982950000000000657e+00	8.702845073185007108e-01
8.986420000000000741e+00	8.704019675072428575e-01
9.004709999999999326e+00	8.685366956453658416e-01
9.017030000000000101e+00	8.654278710057314861e-01
9.022999999999999687e+00	8.638171506664279464e-01
9.041290000000000049e+00	8.505847791044663930e-01
9.047510000000000829e+00	8.488609385825486298e-01
9.051999999999999602e+00	8.481161554290610471e-01
9.059580000000000410e+00	8.466668934416246017e-01
9.074419999999999931e+00	8.431857185049376202e-01
9.077870000000000772e+00	8.421966280261192761e-01
9.096170000000000755e+00	8.346939298387175965e-01
9.097730000000000317e+00	8.338152252503139295e-01
9.114459999999999340e+00	8.207950757547548548e-01
9.117459999999999454e+00	8.175745635569848790e-01
9.132749999999999702e+00	7.950439643036858461e-01
9.133599999999999497e+00	7.934376146625352622e-01
9.146150000000000446e+00	7.641712002512002222e-01
9.151040000000000063e+00	7.495840442286793026e-01
9.155120000000000147e+00	7.357719556806403549e-01
9.160500000000000753e+00	7.151601335496767797e-01
9.162290000000000489e+00	7.076832134055621726e-01
9.169159999999999755e+00	6.762535794072134232e-01
9.169330000000000425e+00	6.753947568418501302e-01
9.176019999999999399e+00	6.405983713685327041e-01
9.182890000000000441e+00	6.012587152672448365e-01
9.187620000000000786e+00	5.724285129545063633e-01
9.189750000000000085e+00	5.591321137789014850e-01
9.196619999999999351e+00	5.154851271706456517e-01
9.203490000000000393e+00	4.717706467728784991e-01
9.205920000000000769e+00	4.565632643031720117e-01
9.210350000000000037e+00	4.294583622789884259e-01
9.217219999999999303e+00	3.898139848512044425e-01
9.224080000000000723e+00	3.537933516933726152e-01
9.224209999999999354e+00	3.531764700168297244e-01
9.230949999999999989e+00	3.219876241975401787e-01
9.232739999999999725e+00	3.144080845133717106e-01
9.238120000000000331e+00	2.934978470308908793e-01
9.242000000000000881e+00	2.800793563401933750e-01
9.242499999999999716e+00	2.784443225770126817e-01
9.247090000000000032e+00	2.644678952466921196e-01
9.259639999999999205e+00	2.340490415334527952e-01
9.260790000000000077e+00	2.317604489508634513e-01
9.275779999999999248e+00	2.084449143319500042e-01
9.279080000000000439e+00	2.046463780421110545e-01
9.295510000000000161e+00	1.907120740569518968e-01
9.297370000000000800e+00	1.895286777571491277e-01
9.315670000000000783e+00	1.808284038592462839e-01
9.318830000000000169e+00	1.797579314415095053e-01
9.333959999999999368e+00	1.756012458287070366e-01
9.345729999999999649e+00	1.731871862273507423e-01
9.352249999999999730e+00	1.720540661664714810e-01
9.370540000000000092e+00	1.693918844577122773e-01
9.376210000000000377e+00	1.686795901659819685e-01
9.388830000000000453e+00	1.672115366882205856e-01
9.407120000000000815e+00	1.653297653195332784e-01
9.410289999999999822e+00	1.650279122529794140e-01
9.422000000000000597e+00	1.639323129533360179e-01
9.425420000000000798e+00	1.636267266782530372e-01
9.443709999999999383e+00	1.620562609266857079e-01
9.447950000000000514e+00	1.617103748279386799e-01
9.461999999999999744e+00	1.605944527612878092e-01
9.480290000000000106e+00	1.592217541343462495e-01
9.489200000000000301e+00	1.585816925998964622e-01
9.498580000000000467e+00	1.579186327064621975e-01
9.516870000000000829e+00	1.566802214370702773e-01
9.534029999999999561e+00	1.555668514253086554e-01
9.535170000000000812e+00	1.554959185039250513e-01
9.541999999999999815e+00	1.550725194272543350e-01
9.553459999999999397e+00	1.543639554719764828e-01
9.571749999999999758e+00	1.532471730135913091e-01
9.582459999999999312e+00	1.525588378877567597e-01
9.590040000000000120e+00	1.520548060099506382e-01
9.608330000000000481e+00	1.509031603559064516e-01
9.626620000000000843e+00	1.497398080349500449e-01
9.634460000000000690e+00	1.492182705087983230e-01
9.644920000000000826e+00	1.484968730694596617e-01
9.663209999999999411e+00	1.472016942187130140e-01
9.681499999999999773e+00	1.458565275645163084e-01
9.690060000000000784e+00	1.452202801718604219e-01
9.692000000000000171e+00	1.450740952549418872e-01
9.699790000000000134e+00	1.444832140482792127e-01
9.718080000000000496e+00	1.430875621947105270e-01
9.736370000000000857e+00	1.416796767270518120e-01
9.749240000000000350e+00	1.406878514320620555e-01
9.754670000000000840e+00	1.402671030356988091e-01
9.772959999999999425e+00	1.388461630151448245e-01
9.791249999999999787e+00	1.375804859477468278e-01
9.809540000000000148e+00	1.364427116926071326e-01
9.812010000000000787e+00	1.362999663041438991e-01
9.827830000000000510e+00	1.354352436449926533e-01
9.842000000000000526e+00	1.346980914603979618e-01
9.846120000000000871e+00	1.344874716127111569e-01
9.864420000000000854e+00	1.335458083315755884e-01
9.878370000000000317e+00	1.328970184487845707e-01
9.882709999999999440e+00	1.326653328988127989e-01
9.900999999999999801e+00	1.318785503454375507e-01
9.919290000000000163e+00	1.311181259107596642e-01
9.937580000000000524e+00	1.302794172619980428e-01
9.948309999999999320e+00	1.298315933258489541e-01
9.955870000000000886e+00	1.295269687531939162e-01
9.974170000000000869e+00	1.288327555886370490e-01
9.992459999999999454e+00	1.282460713807408725e-01
1.001069999999999993e+01	1.276948666354312811e-01
1.002180000000000071e+01	1.274076958684117744e-01
1.002899999999999991e+01	1.272283997167541203e-01
1.004729999999999990e+01	1.268269578727513613e-01
1.006559999999999988e+01	1.264101409224359929e-01
1.008389999999999986e+01	1.259863143929484119e-01
1.009900000000000020e+01	1.255456667394267423e-01
1.010219999999999985e+01	1.254456916981664949e-01
1.012049999999999983e+01	1.248510138695826110e-01
1.013199999999999967e+01	1.246553638950893272e-01
1.013879999999999981e+01	1.244032224160233208e-01
1.015709999999999980e+01	1.239117082147846716e-01
1.017539999999999978e+01	1.234084784357526582e-01
1.017970000000000041e+01	1.238586005522106376e-01
1.019369999999999976e+01	1.230394342444632860e-01
1.021199999999999974e+01	1.219741039460093962e-01
1.022189999999999976e+01	1.213550339662188421e-01
1.023019999999999996e+01	1.208597698501835821e-01
1.024849999999999994e+01	1.198864830896694961e-01
1.026420000000000066e+01	1.191870636731663519e-01
1.026679999999999993e+01	1.191017812301304879e-01
1.028509999999999991e+01	1.184081489195615150e-01
1.030339999999999989e+01	1.184889285566518430e-01
1.030649999999999977e+01	1.178801963116067053e-01
1.031160000000000032e+01	1.166532589553885974e-01
1.032169999999999987e+01	1.157392444472327975e-01
1.032520000000000060e+01	1.154756069753600234e-01
1.033869999999999933e+01	1.144694075543894740e-01
1.033999999999999986e+01	1.143772823552502704e-01
1.034869999999999912e+01	1.137508620797534203e-01
1.035200000000000031e+01	1.135266019820090899e-01
1.035229999999999961e+01	1.135050794018307579e-01
1.036589999999999989e+01	1.125755376906669575e-01
1.037199999999999989e+01	1.118443300888811304e-01
1.037950000000000017e+01	1.106699053727793203e-01
1.039100000000000001e+01	1.089018277332217954e-01
1.039310000000000045e+01	1.085926276351556197e-01
1.040659999999999918e+01	1.068855755216953918e-01
1.042019999999999946e+01	1.055015762038543359e-01
1.043329999999999913e+01	1.044791494802143339e-01
1.043379999999999974e+01	1.044470970536536397e-01
1.044740000000000002e+01	1.038223084117257111e-01
1.046090000000000053e+01	1.031838037182903900e-01
1.047450000000000081e+01	1.025314350767865118e-01
1.047550000000000026e+01	1.024839263701121245e-01
1.048809999999999931e+01	1.019777201970776537e-01
1.049200000000000088e+01	1.018588033412739652e-01
1.050169999999999959e+01	1.016820241426112104e-01
1.050200000000000067e+01	1.016719652967230103e-01
1.051529999999999987e+01	1.013169954457306260e-01
1.051779999999999937e+01	1.012681894454947884e-01
1.052880000000000038e+01	1.010720772097497833e-01
1.054240000000000066e+01	1.009467100281021129e-01
1.054649999999999999e+01	1.008262881414146717e-01
1.055599999999999916e+01	1.004311780585513403e-01
1.056959999999999944e+01	9.969827008500488363e-02
1.057199999999999918e+01	9.956402718518705952e-02
1.057520000000000060e+01	9.938519231278271360e-02
1.058309999999999995e+01	9.891201191096281320e-02
1.059670000000000023e+01	9.707108951466406066e-02
1.060389999999999944e+01	9.680996184415074923e-02
1.061030000000000051e+01	9.656371970321446507e-02
1.062390000000000079e+01	9.591466079045993243e-02
1.063260000000000005e+01	9.540057254648975915e-02
1.063739999999999952e+01	9.506149102077909863e-02
1.065099999999999980e+01	9.390082143590032515e-02
1.066140000000000043e+01	9.268581045467856605e-02
1.066460000000000008e+01	9.225232023626882272e-02
1.067820000000000036e+01	8.982776834231934182e-02
1.069009999999999927e+01	8.685399967553734946e-02
1.069180000000000064e+01	8.634875211518670823e-02
1.070529999999999937e+01	8.141874106534024991e-02
1.071879999999999988e+01	7.474197994891926267e-02
1.071889999999999965e+01	7.466667016168689053e-02
1.073249999999999993e+01	6.620496814240924011e-02
1.074610000000000021e+01	5.662509176397081956e-02
1.074750000000000050e+01	5.560049515616379001e-02
1.075960000000000072e+01	4.702674254702527562e-02
1.077319999999999922e+01	3.852026427721413210e-02
1.077619999999999933e+01	3.687898379785434222e-02
1.078679999999999950e+01	3.176939528751267228e-02
1.080039999999999978e+01	2.687733886900391805e-02
1.080489999999999995e+01	2.561310689135461519e-02
1.081400000000000006e+01	2.350987016721712772e-02
1.082750000000000057e+01	2.124000989987384971e-02
1.083360000000000056e+01	2.052190786091494246e-02
1.084110000000000085e+01	1.977963927154113150e-02
1.084200000000000053e+01	1.969990668843927401e-02
1.086229999999999940e+01	1.835348228823091218e-02
1.087199999999999989e+01	1.792322399836795976e-02
1.089100000000000001e+01	1.729293339773197227e-02
1.091980000000000040e+01	1.662487912035170295e-02
1.094849999999999923e+01	1.609973549281405736e-02
1.095199999999999996e+01	1.603967859364664739e-02
1.097719999999999985e+01	1.563458461776407599e-02
1.100200000000000067e+01	1.525930001899911299e-02
1.101999999999999957e+01	1.499882316470771242e-02
1.108629999999999960e+01	1.410291728295095907e-02
1.111999999999999922e+01	1.367366849317564262e-02
1.117200000000000060e+01	1.301961786642623006e-02
1.119549999999999912e+01	1.272620341030818517e-02
1.122000000000000064e+01	1.241731498992682155e-02
1.130460000000000065e+01	1.136560832735622473e-02
1.132000000000000028e+01	1.117962907688223144e-02
1.134299999999999997e+01	1.091562163275530684e-02
1.141380000000000017e+01	1.019222152868296156e-02
1.141999999999999993e+01	1.013298222077129926e-02
1.145299999999999940e+01	9.830763610021721680e-03
1.151999999999999957e+01	9.254989108412034482e-03
1.152289999999999992e+01	9.232064063750457933e-03
1.154299999999999926e+01	9.078673229396032329e-03
1.161999999999999922e+01	8.544591819756915813e-03
1.163209999999999944e+01	8.464283657151272164e-03
1.165300000000000047e+01	8.321832458235197544e-03
1.172000000000000064e+01	7.874921835833855258e-03
1.173300000000000054e+01	7.811812550031246687e-03
1.174119999999999919e+01	7.748553324481180678e-03
1.181300000000000061e+01	7.234273267892704813e-03
1.182000000000000028e+01	7.192821525545734819e-03
1.185040000000000049e+01	7.039291801925239359e-03
1.190300000000000047e+01	6.632254533261352364e-03
1.191999999999999993e+01	6.562873965802002926e-03
1.192300000000000004e+01	6.544294555977078591e-03
1.193299999999999983e+01	6.476516452104326069e-03
1.194299999999999962e+01	6.402137232405461648e-03
1.195299999999999940e+01	6.315574016398866654e-03
1.195950000000000024e+01	6.258002057420769017e-03
1.199300000000000033e+01	6.027987043376101597e-03
1.200300000000000011e+01	5.981556399942419312e-03
1.201299999999999990e+01	5.931724307077047148e-03
1.206869999999999976e+01	5.503291734998074988e-03
1.209929999999999950e+01	5.365781735373502566e-03
1.212989999999999924e+01	5.195409962987531521e-03
1.216060000000000052e+01	4.987378736157884428e-03
1.219120000000000026e+01	4.808307011296857926e-03
1.219299999999999962e+01	4.796077910622379738e-03
1.222180000000000000e+01	4.559496193547787728e-03
1.225239999999999974e+01	4.121527167831449089e-03
1.228309999999999924e+01	3.376008343755099693e-03
1.231370000000000076e+01	2.476525551899650367e-03
1.234430000000000049e+01	1.824465521543996950e-03
1.237299999999999933e+01	1.512783670833403116e-03
1.237490000000000023e+01	1.498813248917887919e-03
1.240559999999999974e+01	1.347290396949558629e-03
1.243619999999999948e+01	1.258410319876280149e-03
1.246679999999999922e+01	1.191876290494144498e-03
1.249740000000000073e+01	1.134351594639408049e-03
1.252810000000000024e+01	1.081497580412733774e-03
1.254299999999999926e+01	1.056647753127279692e-03
1.263719999999999999e+01	9.108822956654220610e-04
1.271299999999999919e+01	8.077658403033681229e-04
1.274639999999999951e+01	7.657136749117488895e-04
1.285549999999999926e+01	6.404193399997024734e-04
1.288299999999999912e+01	6.120908991891498181e-04
1.296470000000000056e+01	5.371086249259183132e-04
1.304299999999999926e+01	4.746947613644034950e-04
1.305300000000000082e+01	4.671829377589965544e-04
1.307380000000000031e+01	4.519882947773339542e-04
1.318299999999999983e+01	3.833164798499564012e-04
1.324300000000000033e+01	3.493243877245818022e-04
1.329209999999999958e+01	3.236458771285413033e-04
1.330300000000000082e+01	3.180417003877893502e-04
1.334299999999999997e+01	2.985356833171310146e-04
1.340119999999999933e+01	2.737493258074531169e-04
1.351040000000000063e+01	2.715699638816895670e-04
1.352299999999999969e+01	2.726190341051619318e-04
1.356300000000000061e+01	2.609886639709489437e-04
1.361950000000000038e+01	2.317071158047767610e-04
1.371139999999999937e+01	1.906210931639829335e-04
1.375300000000000011e+01	1.748175478135216402e-04
1.376299999999999990e+01	1.708671109547293477e-04
1.380330000000000013e+01	1.518617643233922986e-04
1.385299999999999976e+01	1.165362359217692322e-04
1.388299999999999912e+01	9.753769716908839446e-05
1.389520000000000088e+01	9.207950251153400876e-05
1.398700000000000010e+01	7.176219480811889067e-05
1.405300000000000082e+01	6.311910646882066091e-05
1.406300000000000061e+01	6.193246436105950847e-05
1.407890000000000086e+01	6.009026480097403775e-05
1.422300000000000075e+01	4.538323265993887023e-05
1.423300000000000054e+01	4.449326985922383667e-05
1.424300000000000033e+01	4.363124088268251015e-05
1.429299999999999926e+01	3.954515082661912660e-05
1.437299999999999933e+01	3.375872682225049487e-05
1.439300000000000068e+01	3.244168062186389873e-05
1.440300000000000047e+01	3.180541858619142934e-05
1.443299999999999983e+01	2.997962588935092180e-05
1.444280000000000008e+01	2.940618453623642934e-05
1.446299999999999919e+01	2.824990511568808082e-05
1.462299999999999933e+01	2.058070592435066491e-05
1.477299999999999969e+01	1.529957942230149727e-05
1.480659999999999954e+01	1.432001042026723911e-05
1.507300000000000040e+01	8.930395391798548766e-06
1.509299999999999997e+01	8.605828762878102735e-06
1.517040000000000077e+01	7.367134808608222388e-06
1.517300000000000004e+01	7.331568266003029103e-06
1.519299999999999962e+01	7.058460780135798738e-06
1.534399999999999942e+01	5.242302874538047002e-06
1.535399999999999920e+01	5.130357796969144441e-06
1.540010000000000012e+01	4.555716904358564901e-06
1.551399999999999935e+01	3.496774661808775868e-06
1.552399999999999913e+01	3.429573784669930997e-06
1.562979999999999947e+01	2.788621600941659947e-06
1.564400000000000013e+01	2.712130761817200375e-06
1.566399999999999970e+01	2.607162041184535074e-06
1.568399999999999928e+01	2.506171552041912851e-06
1.582399999999999984e+01	1.896891087031304180e-06
1.594400000000000084e+01	1.492713756358963507e-06
1.599360000000000070e+01	1.351737184594379651e-06
1.622400000000000020e+01	8.472990001800313430e-07
1.631400000000000006e+01	7.045695073197206595e-07
1.635750000000000171e+01	6.443936609258018271e-07
1.649399999999999977e+01	4.880539997232194219e-07
1.663400000000000034e+01	3.683901298244360372e-07
1.664399999999999835e+01	3.611311238180967689e-07
1.668400000000000105e+01	3.328649450159728399e-07
1.672129999999999939e+01	3.087743530797271807e-07
1.683399999999999963e+01	2.467344889746077701e-07
1.695100000000000051e+01	1.952988593470600492e-07
1.698400000000000176e+01	1.827583011997203181e-07
1.715399999999999991e+01	1.305601156026022337e-07
1.718070000000000164e+01	1.237948067230152954e-07
1.734400000000000119e+01	8.950022002541682967e-08
1.753399999999999892e+01	6.139592973930567892e-08
1.754449999999999932e+01	6.013669110190527181e-08
1.768400000000000105e+01	4.555737982960200243e-08
1.790830000000000055e+01	2.896616212787674748e-08
1.796399999999999864e+01	2.586595413351126547e-08
1.798400000000000176e+01	2.483209910375951316e-08
1.808399999999999963e+01	2.028906382115762013e-08
1.827220000000000155e+01	1.388371787433976372e-08
1.831400000000000006e+01	1.277051873101513982e-08
1.832400000000000162e+01	1.251520206464985895e-08
1.833399999999999963e+01	1.226613198354873205e-08
1.834400000000000119e+01	1.201916854154685264e-08
1.838400000000000034e+01	1.109639261668724553e-08
1.840399999999999991e+01	1.065702588104157694e-08
1.849399999999999977e+01	8.906501790984588240e-09
1.850189999999999912e+01	8.766539220185353022e-09
1.851399999999999935e+01	8.555943919526118790e-09
1.865399999999999991e+01	6.481098270373188976e-09
1.868400000000000105e+01	6.103676133819013568e-09
1.873150000000000048e+01	5.552877303213776102e-09
1.880399999999999849e+01	4.794473248445274428e-09
1.885399999999999920e+01	4.332430974656315555e-09
1.887399999999999878e+01	4.160324739345703426e-09
1.889399999999999835e+01	3.995063537604754717e-09
1.899399999999999977e+01	3.262146967008196805e-09
1.900400000000000134e+01	3.196695492425036616e-09
1.909540000000000148e+01	2.656275730390345348e-09
1.917399999999999949e+01	2.264995963638234945e-09
1.918400000000000105e+01	2.219555751162297561e-09
1.920400000000000063e+01	2.131381958342078362e-09
1.922400000000000020e+01	2.046718828002183562e-09
1.931289999999999907e+01	1.709244133894967040e-09
