2.998999999999999773e+02	2.316500000000000000e+16
3.000000000000000000e+02	2.316500000000000000e+16
4.000000000000000000e+02	2.364760000000000000e+16
5.000000000000000000e+02	2.394480000000000000e+16
6.000000000000000000e+02	2.414680000000000000e+16
7.000000000000000000e+02	2.429330000000000000e+16
8.000000000000000000e+02	2.440490000000000000e+16
9.000000000000000000e+02	2.449280000000000000e+16
1.000000000000000000e+03	2.456470000000000000e+16
1.100000000000000000e+03	2.462490000000000000e+16
1.200000000000000000e+03	2.467660000000000000e+16
1.300000000000000000e+03	2.472150000000000000e+16
1.400000000000000000e+03	2.476190000000000000e+16
1.500000000000000000e+03	2.479910000000000000e+16
1.600000000000000000e+03	2.483540000000000000e+16
1.700000000000000000e+03	2.487140000000000000e+16
1.800000000000000000e+03	2.490950000000000000e+16
1.900000000000000000e+03	2.495250000000000000e+16
2.000000000000000000e+03	2.500270000000000000e+16
2.100000000000000000e+03	2.506350000000000000e+16
2.200000000000000000e+03	2.514060000000000000e+16
2.300000000000000000e+03	2.523230000000000000e+16
2.400000000000000000e+03	2.534850000000000000e+16
2.500000000000000000e+03	2.549280000000000000e+16
2.600000000000000000e+03	2.566890000000000000e+16
2.700000000000000000e+03	2.588230000000000000e+16
2.800000000000000000e+03	2.613470000000000000e+16
2.900000000000000000e+03	2.643740000000000000e+16
3.000000000000000000e+03	2.678770000000000000e+16
3.100000000000000000e+03	2.719080000000000000e+16
3.200000000000000000e+03	2.765070000000000000e+16
3.300000000000000000e+03	2.816850000000000000e+16
3.400000000000000000e+03	2.874530000000000000e+16
3.500000000000000000e+03	2.938600000000000000e+16
3.600000000000000000e+03	3.008680000000000000e+16
3.700000000000000000e+03	3.084930000000000000e+16
3.800000000000000000e+03	3.167190000000000000e+16
3.900000000000000000e+03	3.255150000000000000e+16
4.000000000000000000e+03	3.349620000000000000e+16
4.100000000000000000e+03	3.448990000000000000e+16
4.200000000000000000e+03	3.554270000000000000e+16
4.300000000000000000e+03	3.663750000000000000e+16
4.400000000000000000e+03	3.777940000000000000e+16
4.500000000000000000e+03	3.896640000000000000e+16
4.600000000000000000e+03	4.019060000000000000e+16
4.700000000000000000e+03	4.144580000000000000e+16
4.800000000000000000e+03	4.274430000000000000e+16
4.900000000000000000e+03	4.406450000000000000e+16
5.000000000000000000e+03	4.540950000000000000e+16
5.100000000000000000e+03	4.677070000000000000e+16
5.200000000000000000e+03	4.816700000000000000e+16
5.300000000000000000e+03	4.956860000000000000e+16
5.400000000000000000e+03	5.098140000000000000e+16
5.500000000000000000e+03	5.240250000000000000e+16
5.600000000000000000e+03	5.383120000000000000e+16
5.700000000000000000e+03	5.526270000000000000e+16
5.800000000000000000e+03	5.669810000000000000e+16
5.900000000000000000e+03	5.812970000000000000e+16
6.000000000000000000e+03	5.956070000000000000e+16
6.100000000000000000e+03	6.098710000000000000e+16
6.200000000000000000e+03	6.241010000000000000e+16
6.300000000000000000e+03	6.382150000000000000e+16
6.400000000000000000e+03	6.522410000000000000e+16
6.500000000000000000e+03	6.662040000000000000e+16
6.600000000000000000e+03	6.800410000000000000e+16
6.700000000000000000e+03	6.937710000000000000e+16
6.800000000000000000e+03	7.073760000000000000e+16
6.900000000000000000e+03	7.208760000000000000e+16
7.000000000000000000e+03	7.342090000000000000e+16
7.100000000000000000e+03	7.473880000000000000e+16
7.200000000000000000e+03	7.606400000000000000e+16
7.300000000000000000e+03	7.733710000000000000e+16
7.400000000000000000e+03	7.861120000000000000e+16
7.500000000000000000e+03	7.987190000000000000e+16
7.600000000000000000e+03	8.111870000000000000e+16
7.700000000000000000e+03	8.234810000000000000e+16
7.800000000000000000e+03	8.356270000000000000e+16
7.900000000000000000e+03	8.477110000000000000e+16
8.000000000000000000e+03	8.595030000000000000e+16
8.100000000000000000e+03	8.711370000000000000e+16
8.200000000000000000e+03	8.827490000000000000e+16
8.300000000000000000e+03	8.941650000000000000e+16
8.400000000000000000e+03	9.054130000000000000e+16
8.500000000000000000e+03	9.165120000000000000e+16
8.600000000000000000e+03	9.275150000000000000e+16
8.700000000000000000e+03	9.383520000000000000e+16
8.800000000000000000e+03	9.490210000000000000e+16
8.900000000000000000e+03	9.595650000000000000e+16
9.000000000000000000e+03	9.699850000000000000e+16
9.100000000000000000e+03	9.802700000000000000e+16
9.200000000000000000e+03	9.904440000000000000e+16
9.300000000000000000e+03	1.000450000000000000e+17
9.400000000000000000e+03	1.010360000000000000e+17
9.500000000000000000e+03	1.020130000000000000e+17
9.600000000000000000e+03	1.029810000000000000e+17
9.700000000000000000e+03	1.039340000000000000e+17
9.800000000000000000e+03	1.048780000000000000e+17
9.900000000000000000e+03	1.058080000000000000e+17
1.000000000000000000e+04	1.067310000000000000e+17
1.010000000000000000e+04	1.076380000000000000e+17
1.020000000000000000e+04	1.085390000000000000e+17
1.030000000000000000e+04	1.094280000000000000e+17
1.040000000000000000e+04	1.103070000000000000e+17
1.050000000000000000e+04	1.111730000000000000e+17
1.060000000000000000e+04	1.120320000000000000e+17
1.070000000000000000e+04	1.128810000000000000e+17
1.080000000000000000e+04	1.137200000000000000e+17
1.090000000000000000e+04	1.145520000000000000e+17
1.100000000000000000e+04	1.153740000000000000e+17
1.110000000000000000e+04	1.161870000000000000e+17
1.120000000000000000e+04	1.169910000000000000e+17
1.130000000000000000e+04	1.177870000000000000e+17
1.140000000000000000e+04	1.185720000000000000e+17
1.150000000000000000e+04	1.193530000000000000e+17
1.160000000000000000e+04	1.201250000000000000e+17
1.170000000000000000e+04	1.208900000000000000e+17
1.180000000000000000e+04	1.216470000000000000e+17
1.190000000000000000e+04	1.223940000000000000e+17
1.200000000000000000e+04	1.231380000000000000e+17
1.210000000000000000e+04	1.238690000000000000e+17
1.220000000000000000e+04	1.245970000000000000e+17
1.230000000000000000e+04	1.253190000000000000e+17
1.240000000000000000e+04	1.260310000000000000e+17
1.250000000000000000e+04	1.267400000000000000e+17
1.260000000000000000e+04	1.274480000000000000e+17
1.270000000000000000e+04	1.281360000000000000e+17
1.280000000000000000e+04	1.288140000000000000e+17
1.290000000000000000e+04	1.294960000000000000e+17
1.300000000000000000e+04	1.301710000000000000e+17
1.310000000000000000e+04	1.308410000000000000e+17
1.320000000000000000e+04	1.315050000000000000e+17
1.330000000000000000e+04	1.321630000000000000e+17
1.340000000000000000e+04	1.328160000000000000e+17
1.350000000000000000e+04	1.334630000000000000e+17
1.360000000000000000e+04	1.341040000000000000e+17
1.370000000000000000e+04	1.347410000000000000e+17
1.380000000000000000e+04	1.353710000000000000e+17
1.390000000000000000e+04	1.359970000000000000e+17
1.400000000000000000e+04	1.366170000000000000e+17
1.410000000000000000e+04	1.372330000000000000e+17
1.420000000000000000e+04	1.378430000000000000e+17
1.430000000000000000e+04	1.384480000000000000e+17
1.440000000000000000e+04	1.390490000000000000e+17
1.450000000000000000e+04	1.396450000000000000e+17
1.460000000000000000e+04	1.402360000000000000e+17
1.470000000000000000e+04	1.407550000000000000e+17
1.480000000000000000e+04	1.413380000000000000e+17
1.490000000000000000e+04	1.419820000000000000e+17
1.500000000000000000e+04	1.425550000000000000e+17
