2.998999999999999773e+02	2.610900104000000000e+16
3.000000000000000000e+02	2.610900104000000000e+16
3.500000000000000000e+02	2.611599862999999600e+16
4.000000000000000000e+02	2.612399757000000000e+16
4.500000000000000000e+02	2.613199949000000000e+16
5.000000000000000000e+02	2.613999844000000000e+16
5.500000000000000000e+02	2.614700198000000000e+16
6.000000000000000000e+02	2.615500093000000000e+16
6.500000000000000000e+02	2.616100013000000000e+16
7.000000000000000000e+02	2.616699934000000400e+16
7.500000000000000000e+02	2.617200017000000000e+16
8.000000000000000000e+02	2.617599963999999600e+16
8.500000000000000000e+02	2.618000209000000000e+16
9.000000000000000000e+02	2.618300021000000000e+16
9.500000000000000000e+02	2.618599831999999600e+16
1.000000000000000000e+03	2.618800103999999600e+16
1.050000000000000000e+03	2.618899941000000400e+16
1.100000000000000000e+03	2.619000077000000000e+16
1.150000000000000000e+03	2.618899941000000400e+16
1.200000000000000000e+03	2.618899941000000400e+16
1.250000000000000000e+03	2.618800103999999600e+16
1.300000000000000000e+03	2.618699968000000000e+16
1.350000000000000000e+03	2.618599831999999600e+16
1.400000000000000000e+03	2.618399858000000000e+16
1.450000000000000000e+03	2.618200183000000000e+16
1.500000000000000000e+03	2.618000209000000000e+16
1.550000000000000000e+03	2.617799938000000000e+16
1.600000000000000000e+03	2.617599963999999600e+16
1.650000000000000000e+03	2.617499828000000000e+16
1.700000000000000000e+03	2.617399991000000000e+16
1.750000000000000000e+03	2.617399991000000000e+16
1.800000000000000000e+03	2.617499828000000000e+16
1.850000000000000000e+03	2.617700100000000000e+16
1.900000000000000000e+03	2.618100047000000000e+16
1.950000000000000000e+03	2.618699968000000000e+16
2.000000000000000000e+03	2.619499862000000000e+16
2.050000000000000000e+03	2.620700002000000000e+16
2.100000000000000000e+03	2.622199953000000000e+16
2.150000000000000000e+03	2.624199986000000000e+16
2.200000000000000000e+03	2.626599967000000000e+16
2.250000000000000000e+03	2.629500031000000000e+16
2.300000000000000000e+03	2.633099854000000000e+16
2.350000000000000000e+03	2.637299895000000000e+16
2.400000000000000000e+03	2.642199993000000000e+16
2.450000000000000000e+03	2.648000121000000000e+16
2.500000000000000000e+03	2.654699981000000000e+16
2.550000000000000000e+03	2.662299871000000000e+16
2.600000000000000000e+03	2.670899928000000000e+16
2.650000000000000000e+03	2.680799961000000000e+16
2.700000000000000000e+03	2.691700161000000400e+16
2.750000000000000000e+03	2.703999877000000000e+16
2.800000000000000000e+03	2.717599868999999600e+16
2.850000000000000000e+03	2.732500136000000000e+16
2.900000000000000000e+03	2.749000192000000000e+16
2.950000000000000000e+03	2.766900063000000000e+16
3.000000000000000000e+03	2.786599994000000400e+16
3.050000000000000000e+03	2.807900011999999600e+16
3.100000000000000000e+03	2.830699980000000000e+16
3.150000000000000000e+03	2.855499983000000000e+16
3.200000000000000000e+03	2.881999910000000000e+16
3.250000000000000000e+03	2.910600007000000000e+16
3.300000000000000000e+03	2.940900028000000400e+16
3.350000000000000000e+03	2.973099947000000400e+16
3.400000000000000000e+03	3.007400036000000400e+16
3.450000000000000000e+03	3.043799996000000000e+16
3.500000000000000000e+03	3.081800044000000000e+16
3.550000000000000000e+03	3.122299910000000000e+16
3.600000000000000000e+03	3.164599836000000000e+16
3.650000000000000000e+03	3.208900094000000000e+16
3.700000000000000000e+03	3.255400062000000000e+16
3.750000000000000000e+03	3.304100037000000000e+16
3.800000000000000000e+03	3.354400098000000000e+16
3.850000000000000000e+03	3.407399951999999600e+16
3.900000000000000000e+03	3.461900055000000000e+16
3.950000000000000000e+03	3.518599868000000400e+16
4.000000000000000000e+03	3.577499986000000000e+16
4.050000000000000000e+03	3.638499975000000000e+16
4.100000000000000000e+03	3.700799942000000000e+16
4.150000000000000000e+03	3.765199780000000000e+16
4.200000000000000000e+03	3.831599951000000000e+16
4.250000000000000000e+03	3.900099993000000000e+16
4.300000000000000000e+03	3.970600069000000000e+16
4.350000000000000000e+03	4.042099714000000000e+16
4.400000000000000000e+03	4.115599990000000000e+16
4.450000000000000000e+03	4.190899730000000000e+16
4.500000000000000000e+03	4.268200099000000000e+16
4.550000000000000000e+03	4.346100092000000000e+16
4.600000000000000000e+03	4.427000284000000000e+16
4.650000000000000000e+03	4.508500099000000000e+16
4.700000000000000000e+03	4.591700137000000000e+16
4.750000000000000000e+03	4.675299823000000000e+16
4.800000000000000000e+03	4.761700034000000000e+16
4.850000000000000000e+03	4.848500192000000000e+16
4.900000000000000000e+03	4.936800003000000000e+16
4.950000000000000000e+03	5.026499629000000000e+16
5.000000000000000000e+03	5.116299987000000000e+16
5.050000000000000000e+03	5.207400322000000000e+16
5.100000000000000000e+03	5.301300287000000000e+16
5.150000000000000000e+03	5.393500328000000800e+16
5.200000000000000000e+03	5.488499999000000800e+16
5.250000000000000000e+03	5.584700108000000000e+16
5.300000000000000000e+03	5.680400133000000000e+16
5.350000000000000000e+03	5.777199864000000000e+16
5.400000000000000000e+03	5.875099897000000000e+16
5.450000000000000000e+03	5.974000095999999200e+16
5.500000000000000000e+03	6.072100401000000000e+16
5.550000000000000000e+03	6.171100140000000000e+16
5.600000000000000000e+03	6.270999908000000000e+16
5.650000000000000000e+03	6.371700168000000000e+16
5.700000000000000000e+03	6.473199724999999200e+16
5.750000000000000000e+03	6.575599908999999200e+16
5.800000000000000000e+03	6.676599979000000000e+16
5.850000000000000000e+03	6.778399944000000000e+16
5.900000000000000000e+03	6.880800128000000000e+16
5.950000000000000000e+03	6.983799934000000000e+16
6.000000000000000000e+03	7.085300088000000800e+16
6.050000000000000000e+03	7.189399600000000800e+16
6.100000000000000000e+03	7.291899920000000000e+16
6.150000000000000000e+03	7.394900322000000000e+16
6.200000000000000000e+03	7.498300076000000000e+16
6.250000000000000000e+03	7.602099776000000000e+16
6.300000000000000000e+03	7.706399560000000000e+16
6.350000000000000000e+03	7.808600068000000000e+16
6.400000000000000000e+03	7.911199927000000000e+16
6.450000000000000000e+03	8.016400337000000000e+16
6.500000000000000000e+03	8.119499683000000000e+16
6.550000000000000000e+03	8.222899437000000000e+16
6.600000000000000000e+03	8.323999643000000000e+16
6.650000000000000000e+03	8.427799344000000000e+16
6.700000000000000000e+03	8.529300094000000000e+16
6.750000000000000000e+03	8.633399606000000000e+16
6.800000000000000000e+03	8.735100031000000000e+16
6.850000000000000000e+03	8.836900592000000000e+16
6.900000000000000000e+03	8.938800097000000000e+16
6.950000000000000000e+03	9.040700197000000000e+16
7.000000000000000000e+03	9.140099883000000000e+16
7.050000000000000000e+03	9.242099524000000000e+16
7.100000000000000000e+03	9.341499805000000000e+16
7.150000000000000000e+03	9.440900087000000000e+16
7.200000000000000000e+03	9.542900324000000000e+16
7.250000000000000000e+03	9.642100334000000000e+16
7.300000000000000000e+03	9.741300344000000000e+16
7.350000000000000000e+03	9.837700129000000000e+16
7.400000000000000000e+03	9.936800003000000000e+16
7.450000000000000000e+03	1.003600000999999840e+17
7.500000000000000000e+03	1.013199924999999840e+17
7.550000000000000000e+03	1.023000002000000000e+17
7.600000000000000000e+03	1.032600044999999840e+17
7.650000000000000000e+03	1.042199968999999840e+17
7.700000000000000000e+03	1.051699996000000000e+17
7.750000000000000000e+03	1.061200023000000000e+17
7.800000000000000000e+03	1.070700049000000000e+17
7.850000000000000000e+03	1.080199957000000000e+17
7.900000000000000000e+03	1.089699983999999840e+17
7.950000000000000000e+03	1.099099993999999840e+17
8.000000000000000000e+03	1.108299971000000160e+17
8.050000000000000000e+03	1.117700100000000000e+17
8.100000000000000000e+03	1.126699924000000000e+17
8.150000000000000000e+03	1.136100053999999840e+17
8.200000000000000000e+03	1.145099998000000000e+17
8.250000000000000000e+03	1.154099940999999840e+17
8.300000000000000000e+03	1.163100003999999840e+17
8.350000000000000000e+03	1.172000051000000000e+17
8.400000000000000000e+03	1.180999994000000000e+17
8.450000000000000000e+03	1.189800024000000000e+17
8.500000000000000000e+03	1.198700069999999840e+17
8.550000000000000000e+03	1.207499981000000000e+17
8.600000000000000000e+03	1.215999961000000000e+17
8.650000000000000000e+03	1.224799991000000000e+17
8.700000000000000000e+03	1.233500004000000000e+17
8.750000000000000000e+03	1.241999984000000000e+17
8.800000000000000000e+03	1.250599980000000000e+17
8.850000000000000000e+03	1.258999944000000000e+17
8.900000000000000000e+03	1.267300010000000000e+17
8.950000000000000000e+03	1.275900006000000160e+17
9.000000000000000000e+03	1.284099936000000000e+17
9.050000000000000000e+03	1.292299986000000000e+17
9.100000000000000000e+03	1.300500035000000000e+17
9.150000000000000000e+03	1.308599949000000000e+17
9.200000000000000000e+03	1.316699982000000000e+17
9.250000000000000000e+03	1.324800014000000000e+17
9.300000000000000000e+03	1.332800031000000160e+17
9.350000000000000000e+03	1.340799928000000000e+17
9.400000000000000000e+03	1.348800063000000160e+17
9.450000000000000000e+03	1.356400013000000000e+17
9.500000000000000000e+03	1.364300013000000000e+17
9.550000000000000000e+03	1.372099996000000000e+17
9.600000000000000000e+03	1.379999995000000000e+17
9.650000000000000000e+03	1.387400031000000160e+17
9.700000000000000000e+03	1.395200014000000000e+17
9.750000000000000000e+03	1.402600050000000000e+17
9.800000000000000000e+03	1.410199999999999840e+17
9.850000000000000000e+03	1.417600036000000000e+17
9.900000000000000000e+03	1.424899936000000160e+17
9.950000000000000000e+03	1.432399988000000000e+17
1.000000000000000000e+04	1.439599990999999840e+17
1.005000000000000000e+04	1.446799994000000000e+17
1.010000000000000000e+04	1.454299927000000000e+17
1.015000000000000000e+04	1.461400032000000000e+17
1.020000000000000000e+04	1.468400002000000000e+17
1.025000000000000000e+04	1.475499988000000000e+17
1.030000000000000000e+04	1.482500076000000000e+17
1.035000000000000000e+04	1.489699960000000000e+17
1.040000000000000000e+04	1.496700048000000000e+17
1.045000000000000000e+04	1.503600001000000000e+17
1.050000000000000000e+04	1.510399938000000000e+17
1.055000000000000000e+04	1.517199993000000000e+17
1.060000000000000000e+04	1.524000049000000000e+17
1.065000000000000000e+04	1.530700088000000000e+17
1.070000000000000000e+04	1.537100077000000000e+17
1.075000000000000000e+04	1.543799996000000000e+17
1.080000000000000000e+04	1.550400019000000000e+17
1.085000000000000000e+04	1.557000041000000000e+17
1.090000000000000000e+04	1.563500047000000000e+17
1.095000000000000000e+04	1.570100069000000000e+17
1.100000000000000000e+04	1.576200128000000000e+17
1.105000000000000000e+04	1.582699895000000000e+17
1.110000000000000000e+04	1.589099884000000000e+17
1.115000000000000000e+04	1.595399976000000000e+17
1.120000000000000000e+04	1.601500034000000000e+17
1.125000000000000000e+04	1.607800007000000000e+17
1.130000000000000000e+04	1.613999963000000000e+17
1.135000000000000000e+04	1.619899988000000000e+17
1.140000000000000000e+04	1.626100063000000000e+17
1.145000000000000000e+04	1.632299900000000000e+17
1.150000000000000000e+04	1.638100028000000000e+17
1.155000000000000000e+04	1.644200087000000000e+17
1.160000000000000000e+04	1.649899960000000000e+17
1.165000000000000000e+04	1.655900121000000000e+17
1.170000000000000000e+04	1.661599994000000000e+17
1.175000000000000000e+04	1.667499900000000000e+17
1.180000000000000000e+04	1.673400044000000000e+17
1.185000000000000000e+04	1.678999901000000000e+17
1.190000000000000000e+04	1.684800029000000000e+17
1.195000000000000000e+04	1.690299988000000000e+17
1.200000000000000000e+04	1.695799947000000000e+17
1.205000000000000000e+04	1.701500058000000000e+17
1.210000000000000000e+04	1.706900120000000000e+17
1.215000000000000000e+04	1.712599993000000000e+17
1.220000000000000000e+04	1.717900038000000000e+17
1.225000000000000000e+04	1.723499894000000000e+17
1.230000000000000000e+04	1.728699923000000000e+17
1.235000000000000000e+04	1.734200120000000000e+17
1.240000000000000000e+04	1.739400029000000000e+17
1.245000000000000000e+04	1.744600058000000000e+17
1.250000000000000000e+04	1.750000000000000000e+17
1.255000000000000000e+04	1.755100131000000000e+17
1.260000000000000000e+04	1.760099888000000000e+17
1.265000000000000000e+04	1.765500069000000000e+17
1.270000000000000000e+04	1.770399928000000000e+17
1.275000000000000000e+04	1.775699973000000000e+17
1.280000000000000000e+04	1.780599952000000000e+17
1.285000000000000000e+04	1.785500050000000000e+17
1.290000000000000000e+04	1.790700078000000000e+17
1.295000000000000000e+04	1.795500040000000000e+17
1.300000000000000000e+04	1.800300002000000000e+17
1.305000000000000000e+04	1.805299997000000000e+17
1.310000000000000000e+04	1.810000062000000000e+17
1.315000000000000000e+04	1.814700007000000000e+17
1.320000000000000000e+04	1.819700003000000000e+17
1.325000000000000000e+04	1.824300051000000000e+17
1.330000000000000000e+04	1.828899980000000000e+17
1.335000000000000000e+04	1.833800077000000000e+17
1.340000000000000000e+04	1.838299990000000000e+17
1.345000000000000000e+04	1.842800021000000000e+17
1.350000000000000000e+04	1.847599983000000000e+17
1.355000000000000000e+04	1.851999998000000000e+17
1.360000000000000000e+04	1.856400013000000000e+17
1.365000000000000000e+04	1.861100078000000000e+17
1.370000000000000000e+04	1.865499973000000000e+17
1.375000000000000000e+04	1.869799972000000000e+17
1.380000000000000000e+04	1.874400020000000000e+17
1.385000000000000000e+04	1.878600001000000000e+17
1.390000000000000000e+04	1.882899880000000000e+17
1.395000000000000000e+04	1.887400031000000000e+17
1.400000000000000000e+04	1.891499996000000000e+17
1.405000000000000000e+04	1.895699978000000000e+17
1.410000000000000000e+04	1.900100112000000000e+17
1.415000000000000000e+04	1.904200077000000000e+17
1.420000000000000000e+04	1.908200026000000000e+17
1.425000000000000000e+04	1.912500024000000000e+17
1.430000000000000000e+04	1.916499972000000000e+17
1.435000000000000000e+04	1.920499921000000000e+17
1.440000000000000000e+04	1.924699903000000000e+17
1.445000000000000000e+04	1.928599954000000000e+17
1.450000000000000000e+04	1.932800055000000000e+17
1.455000000000000000e+04	1.936600089000000000e+17
1.460000000000000000e+04	1.940500021000000000e+17
1.465000000000000000e+04	1.944599986000000000e+17
1.470000000000000000e+04	1.948300123000000000e+17
1.475000000000000000e+04	1.952400088000000000e+17
1.480000000000000000e+04	1.956100106000000000e+17
1.485000000000000000e+04	1.960000038000000000e+17
1.490000000000000000e+04	1.963699937000000000e+17
1.495000000000000000e+04	1.967299938000000000e+17
1.500000000000000000e+04	1.971199989000000000e+17
1.505000000000000000e+04	1.974799991000000000e+17
1.510000000000000000e+04	1.978600025000000000e+17
1.515000000000000000e+04	1.982200027000000000e+17
1.520000000000000000e+04	1.985899925000000000e+17
1.525000000000000000e+04	1.989400029000000000e+17
1.530000000000000000e+04	1.993100047000000000e+17
1.535000000000000000e+04	1.996600032000000000e+17
1.540000000000000000e+04	2.000200033000000000e+17
1.545000000000000000e+04	2.003600121000000000e+17
1.550000000000000000e+04	2.007300138000000320e+17
1.555000000000000000e+04	2.010499954000000000e+17
1.560000000000000000e+04	2.014100075000000000e+17
1.565000000000000000e+04	2.017400025999999680e+17
1.570000000000000000e+04	2.020900011000000320e+17
1.575000000000000000e+04	2.024399996000000000e+17
1.580000000000000000e+04	2.027600050000000320e+17
1.585000000000000000e+04	2.030999899000000320e+17
1.590000000000000000e+04	2.034199953000000000e+17
1.595000000000000000e+04	2.037600040000000000e+17
1.600000000000000000e+04	2.041000128000000000e+17
1.605000000000000000e+04	2.043999910000000000e+17
1.610000000000000000e+04	2.047299862000000000e+17
1.615000000000000000e+04	2.050600052000000000e+17
1.620000000000000000e+04	2.053600073000000000e+17
1.625000000000000000e+04	2.056900024000000000e+17
1.630000000000000000e+04	2.060100079000000000e+17
1.635000000000000000e+04	2.062999964000000000e+17
1.640000000000000000e+04	2.066100121000000000e+17
1.645000000000000000e+04	2.069299936000000320e+17
1.650000000000000000e+04	2.072400093000000320e+17
1.655000000000000000e+04	2.075299978000000000e+17
1.660000000000000000e+04	2.078399897000000320e+17
1.665000000000000000e+04	2.081400156000000000e+17
1.670000000000000000e+04	2.084399939000000000e+17
1.675000000000000000e+04	2.087499857000000000e+17
1.680000000000000000e+04	2.090100050000000320e+17
1.685000000000000000e+04	2.093100070999999680e+17
1.690000000000000000e+04	2.095999956000000000e+17
1.695000000000000000e+04	2.098900080000000000e+17
1.700000000000000000e+04	2.101799965000000000e+17
1.705000000000000000e+04	2.104699849999999680e+17
1.710000000000000000e+04	2.107500076000000000e+17
1.715000000000000000e+04	2.110399961000000000e+17
1.720000000000000000e+04	2.112900019000000000e+17
1.725000000000000000e+04	2.115700006000000000e+17
1.730000000000000000e+04	2.118499994000000000e+17
1.735000000000000000e+04	2.121200085000000000e+17
1.740000000000000000e+04	2.123899937000000000e+17
1.745000000000000000e+04	2.126600026999999680e+17
1.750000000000000000e+04	2.129299879000000000e+17
1.755000000000000000e+04	2.131999969000000320e+17
1.760000000000000000e+04	2.134599924000000320e+17
1.765000000000000000e+04	2.137399911999999680e+17
1.770000000000000000e+04	2.139999866000000000e+17
1.775000000000000000e+04	2.142599821000000000e+17
1.780000000000000000e+04	2.145099878000000000e+17
1.785000000000000000e+04	2.147599936000000320e+17
1.790000000000000000e+04	2.150099993000000000e+17
1.795000000000000000e+04	2.152600050000000320e+17
1.800000000000000000e+04	2.155100107000000000e+17
1.805000000000000000e+04	2.157799959000000000e+17
1.810000000000000000e+04	2.160300016000000000e+17
1.815000000000000000e+04	2.162699937999999680e+17
1.820000000000000000e+04	2.164999962000000000e+17
1.825000000000000000e+04	2.167600155000000000e+17
1.830000000000000000e+04	2.169899940000000000e+17
1.835000000000000000e+04	2.172299862000000000e+17
1.840000000000000000e+04	2.174600124000000000e+17
1.845000000000000000e+04	2.177200079000000000e+17
1.850000000000000000e+04	2.179399967000000320e+17
1.855000000000000000e+04	2.181699991000000000e+17
1.860000000000000000e+04	2.184099912999999680e+17
1.865000000000000000e+04	2.186300038999999680e+17
1.870000000000000000e+04	2.188800097000000000e+17
1.875000000000000000e+04	2.190999985000000000e+17
1.880000000000000000e+04	2.193099976000000000e+17
1.885000000000000000e+04	2.195499897000000000e+17
1.890000000000000000e+04	2.197600126000000320e+17
1.895000000000000000e+04	2.200000048000000000e+17
1.900000000000000000e+04	2.201999903000000000e+17
1.905000000000000000e+04	2.204300164999999680e+17
1.910000000000000000e+04	2.206599950999999680e+17
1.915000000000000000e+04	2.208699942000000000e+17
1.920000000000000000e+04	2.210900068000000000e+17
1.925000000000000000e+04	2.212800026000000000e+17
1.930000000000000000e+04	2.215100050000000320e+17
1.935000000000000000e+04	2.217200041000000000e+17
1.940000000000000000e+04	2.219199896000000000e+17
1.945000000000000000e+04	2.221400023000000320e+17
1.950000000000000000e+04	2.223500013000000320e+17
1.955000000000000000e+04	2.225399971000000000e+17
1.960000000000000000e+04	2.227499962000000000e+17
1.965000000000000000e+04	2.229599953000000000e+17
1.970000000000000000e+04	2.231699943999999680e+17
1.975000000000000000e+04	2.233500004000000000e+17
1.980000000000000000e+04	2.235500097000000000e+17
1.985000000000000000e+04	2.237499952000000000e+17
1.990000000000000000e+04	2.239500046000000000e+17
1.995000000000000000e+04	2.241499901000000000e+17
2.000000000000000000e+04	2.243499994000000000e+17
2.005000000000000000e+04	2.245199919000000000e+17
2.010000000000000000e+04	2.247099876000000000e+17
2.015000000000000000e+04	2.249000072000000000e+17
2.020000000000000000e+04	2.250999928000000000e+17
2.025000000000000000e+04	2.252799988000000000e+17
2.030000000000000000e+04	2.254699945000000000e+17
2.035000000000000000e+04	2.256500006000000000e+17
2.040000000000000000e+04	2.258399963000000000e+17
2.045000000000000000e+04	2.260200024000000000e+17
2.050000000000000000e+04	2.261899948000000000e+17
2.055000000000000000e+04	2.263900042000000000e+17
2.060000000000000000e+04	2.265799999000000000e+17
2.065000000000000000e+04	2.267499924000000000e+17
2.070000000000000000e+04	2.269299984000000000e+17
2.075000000000000000e+04	2.270900011000000320e+17
2.080000000000000000e+04	2.272700071000000000e+17
2.085000000000000000e+04	2.274600029000000000e+17
2.090000000000000000e+04	2.276200056000000000e+17
2.095000000000000000e+04	2.277899981000000000e+17
2.100000000000000000e+04	2.279599905000000000e+17
2.105000000000000000e+04	2.281399965000000000e+17
2.110000000000000000e+04	2.283099890000000000e+17
2.115000000000000000e+04	2.284600019000000000e+17
2.120000000000000000e+04	2.286400080000000000e+17
2.125000000000000000e+04	2.288100004000000000e+17
2.130000000000000000e+04	2.289599894999999680e+17
2.135000000000000000e+04	2.291300058000000000e+17
2.140000000000000000e+04	2.292900085000000000e+17
2.145000000000000000e+04	2.294600010000000000e+17
2.150000000000000000e+04	2.296099900999999680e+17
2.155000000000000000e+04	2.297799826000000000e+17
2.160000000000000000e+04	2.299299955000000000e+17
2.165000000000000000e+04	2.301000118000000000e+17
2.170000000000000000e+04	2.302400112000000000e+17
2.175000000000000000e+04	2.303999901000000000e+17
2.180000000000000000e+04	2.305500030999999680e+17
2.185000000000000000e+04	2.307099818999999680e+17
2.190000000000000000e+04	2.308700085000000000e+17
2.195000000000000000e+04	2.309999942999999680e+17
2.200000000000000000e+04	2.311599970000000000e+17
2.205000000000000000e+04	2.313199997000000000e+17
2.210000000000000000e+04	2.314699887999999680e+17
2.215000000000000000e+04	2.316099882000000000e+17
2.220000000000000000e+04	2.317600012000000320e+17
2.225000000000000000e+04	2.319100142000000000e+17
2.230000000000000000e+04	2.320600032999999680e+17
2.235000000000000000e+04	2.322099924000000320e+17
2.240000000000000000e+04	2.323300123000000000e+17
2.245000000000000000e+04	2.324700117000000000e+17
2.250000000000000000e+04	2.326200007999999680e+17
2.255000000000000000e+04	2.327600002000000000e+17
2.260000000000000000e+04	2.328999996000000000e+17
2.265000000000000000e+04	2.330399990000000000e+17
2.270000000000000000e+04	2.331799984000000000e+17
2.275000000000000000e+04	2.333199978000000000e+17
2.280000000000000000e+04	2.334499836000000000e+17
2.285000000000000000e+04	2.335900068000000000e+17
2.290000000000000000e+04	2.337200165000000000e+17
2.295000000000000000e+04	2.338500023000000000e+17
2.300000000000000000e+04	2.339800119000000000e+17
2.305000000000000000e+04	2.341400145999999680e+17
2.310000000000000000e+04	2.342700005000000320e+17
2.315000000000000000e+04	2.343899965000000000e+17
2.320000000000000000e+04	2.345200062000000000e+17
2.325000000000000000e+04	2.346400023000000320e+17
2.330000000000000000e+04	2.347800016000000000e+17
2.335000000000000000e+04	2.348999977000000000e+17
2.340000000000000000e+04	2.350300074000000320e+17
2.345000000000000000e+04	2.351700068000000000e+17
2.350000000000000000e+04	2.352900028000000000e+17
2.355000000000000000e+04	2.353999853000000000e+17
2.360000000000000000e+04	2.355399847000000000e+17
2.365000000000000000e+04	2.356499910000000000e+17
2.370000000000000000e+04	2.357599974000000320e+17
2.375000000000000000e+04	2.358999968000000000e+17
2.380000000000000000e+04	2.360100031000000000e+17
2.385000000000000000e+04	2.361399889000000000e+17
2.390000000000000000e+04	2.362499952000000000e+17
2.395000000000000000e+04	2.363800049000000000e+17
2.400000000000000000e+04	2.365000010000000000e+17
2.405000000000000000e+04	2.366100073000000000e+17
2.410000000000000000e+04	2.367400169000000320e+17
2.415000000000000000e+04	2.368399858000000000e+17
2.420000000000000000e+04	2.369600058000000000e+17
2.425000000000000000e+04	2.370800018000000320e+17
2.430000000000000000e+04	2.371799946000000000e+17
2.435000000000000000e+04	2.372900009000000000e+17
2.440000000000000000e+04	2.374200106000000000e+17
2.445000000000000000e+04	2.375300169000000000e+17
2.450000000000000000e+04	2.376199961000000320e+17
2.455000000000000000e+04	2.377399921000000000e+17
2.460000000000000000e+04	2.378499985000000000e+17
2.465000000000000000e+04	2.379699945000000000e+17
2.470000000000000000e+04	2.380700111000000000e+17
2.475000000000000000e+04	2.381900072000000000e+17
2.480000000000000000e+04	2.382899999999999680e+17
2.485000000000000000e+04	2.383999825000000000e+17
2.490000000000000000e+04	2.384999990000000000e+17
2.495000000000000000e+04	2.385900021000000000e+17
2.500000000000000000e+04	2.387099981000000000e+17
2.505000000000000000e+04	2.388200045000000000e+17
2.510000000000000000e+04	2.389199972000000000e+17
2.515000000000000000e+04	2.390199899999999680e+17
2.520000000000000000e+04	2.391200066000000000e+17
2.525000000000000000e+04	2.392199993000000320e+17
2.530000000000000000e+04	2.393100023000000000e+17
2.535000000000000000e+04	2.394099950999999680e+17
2.540000000000000000e+04	2.394999980999999680e+17
2.545000000000000000e+04	2.396199942000000000e+17
2.550000000000000000e+04	2.397099972000000000e+17
2.555000000000000000e+04	2.398000002000000000e+17
2.560000000000000000e+04	2.398999929000000000e+17
2.565000000000000000e+04	2.400099993000000000e+17
2.570000000000000000e+04	2.400899887000000000e+17
2.575000000000000000e+04	2.401900053000000000e+17
2.580000000000000000e+04	2.402899981000000000e+17
2.585000000000000000e+04	2.403699875000000000e+17
2.590000000000000000e+04	2.404799938000000000e+17
2.595000000000000000e+04	2.405699968000000000e+17
2.600000000000000000e+04	2.406500100999999680e+17
2.605000000000000000e+04	2.407500029000000000e+17
2.610000000000000000e+04	2.408299923000000000e+17
2.615000000000000000e+04	2.409300088999999680e+17
2.620000000000000000e+04	2.410300016000000000e+17
2.625000000000000000e+04	2.411000013000000320e+17
2.630000000000000000e+04	2.411999941000000000e+17
2.635000000000000000e+04	2.412799835000000000e+17
2.640000000000000000e+04	2.413699865000000000e+17
2.645000000000000000e+04	2.414700031000000320e+17
2.650000000000000000e+04	2.415400028000000000e+17
2.655000000000000000e+04	2.416300058000000000e+17
2.660000000000000000e+04	2.417200089000000000e+17
2.665000000000000000e+04	2.418099880000000320e+17
2.670000000000000000e+04	2.418799877000000000e+17
2.675000000000000000e+04	2.419700145999999680e+17
2.680000000000000000e+04	2.420500040000000000e+17
2.685000000000000000e+04	2.421400069999999680e+17
2.690000000000000000e+04	2.422199965000000000e+17
2.695000000000000000e+04	2.423099994999999680e+17
2.700000000000000000e+04	2.423900127000000000e+17
2.705000000000000000e+04	2.424499989000000000e+17
2.710000000000000000e+04	2.425299883000000000e+17
2.715000000000000000e+04	2.426100016000000000e+17
2.720000000000000000e+04	2.426899910000000000e+17
2.725000000000000000e+04	2.427700043000000320e+17
2.730000000000000000e+04	2.428699969999999680e+17
2.735000000000000000e+04	2.429399967000000320e+17
2.740000000000000000e+04	2.430200100000000000e+17
2.745000000000000000e+04	2.430899858000000000e+17
2.750000000000000000e+04	2.431600094000000320e+17
2.755000000000000000e+04	2.432399987999999680e+17
2.760000000000000000e+04	2.433099985000000000e+17
2.765000000000000000e+04	2.433900118000000000e+17
2.770000000000000000e+04	2.434599876000000000e+17
2.775000000000000000e+04	2.435300112000000320e+17
2.780000000000000000e+04	2.435999870000000000e+17
2.785000000000000000e+04	2.436899899999999680e+17
2.790000000000000000e+04	2.437599897000000000e+17
2.795000000000000000e+04	2.438199997000000000e+17
2.800000000000000000e+04	2.438999891000000000e+17
2.805000000000000000e+04	2.439699887999999680e+17
2.810000000000000000e+04	2.440299988000000000e+17
2.815000000000000000e+04	2.441099882000000000e+17
2.820000000000000000e+04	2.441699981999999680e+17
2.825000000000000000e+04	2.442499876000000000e+17
2.830000000000000000e+04	2.443099976000000000e+17
2.835000000000000000e+04	2.443899870000000000e+17
2.840000000000000000e+04	2.444499969000000320e+17
2.845000000000000000e+04	2.445199966000000000e+17
2.850000000000000000e+04	2.445899963000000000e+17
2.855000000000000000e+04	2.446500062999999680e+17
2.860000000000000000e+04	2.447200060000000000e+17
2.865000000000000000e+04	2.447900057000000000e+17
2.870000000000000000e+04	2.448500156000000000e+17
2.875000000000000000e+04	2.449100018000000320e+17
2.880000000000000000e+04	2.449800014000000000e+17
2.885000000000000000e+04	2.450399876000000000e+17
2.890000000000000000e+04	2.450999975000000320e+17
2.895000000000000000e+04	2.451699972000000000e+17
2.900000000000000000e+04	2.452300072000000000e+17
2.905000000000000000e+04	2.453000068999999680e+17
2.910000000000000000e+04	2.453600168000000000e+17
2.915000000000000000e+04	2.454099894000000000e+17
2.920000000000000000e+04	2.454699993000000320e+17
2.925000000000000000e+04	2.455300093000000000e+17
2.930000000000000000e+04	2.455899954000000000e+17
2.935000000000000000e+04	2.456500053000000000e+17
2.940000000000000000e+04	2.457099915000000000e+17
2.945000000000000000e+04	2.457700013999999680e+17
2.950000000000000000e+04	2.458299874999999680e+17
2.955000000000000000e+04	2.458800076999999680e+17
2.960000000000000000e+04	2.459399939000000000e+17
2.965000000000000000e+04	2.459900141000000000e+17
2.970000000000000000e+04	2.460599899000000000e+17
2.975000000000000000e+04	2.461199999000000320e+17
2.980000000000000000e+04	2.461699963000000000e+17
2.985000000000000000e+04	2.462299824000000000e+17
2.990000000000000000e+04	2.462800026000000000e+17
2.995000000000000000e+04	2.463399887000000000e+17
3.000000000000000000e+04	2.463999986999999680e+17
3.005000000000000000e+04	2.464400053000000000e+17
3.010000000000000000e+04	2.464900017000000320e+17
3.015000000000000000e+04	2.465600014000000000e+17
3.020000000000000000e+04	2.466099976999999680e+17
3.025000000000000000e+04	2.466500044000000000e+17
3.030000000000000000e+04	2.467099905000000000e+17
3.035000000000000000e+04	2.467599868999999680e+17
3.040000000000000000e+04	2.468199968000000000e+17
3.045000000000000000e+04	2.468600035000000000e+17
3.050000000000000000e+04	2.469200133999999680e+17
3.055000000000000000e+04	2.469700098000000000e+17
3.060000000000000000e+04	2.470199823000000320e+17
3.065000000000000000e+04	2.470600128000000000e+17
3.070000000000000000e+04	2.471199989000000000e+17
3.075000000000000000e+04	2.471599817000000000e+17
3.080000000000000000e+04	2.472199917000000320e+17
3.085000000000000000e+04	2.472699881000000000e+17
3.090000000000000000e+04	2.473000050000000000e+17
3.095000000000000000e+04	2.473599911000000000e+17
3.100000000000000000e+04	2.474099874000000320e+17
3.105000000000000000e+04	2.474499941000000000e+17
3.110000000000000000e+04	2.474999904999999680e+17
3.115000000000000000e+04	2.475499868000000000e+17
3.120000000000000000e+04	2.475899935000000320e+17
3.125000000000000000e+04	2.476200104000000000e+17
3.130000000000000000e+04	2.476699829000000320e+17
3.135000000000000000e+04	2.477200031000000320e+17
3.140000000000000000e+04	2.477600098000000000e+17
3.145000000000000000e+04	2.478099823000000000e+17
3.150000000000000000e+04	2.478500128000000000e+17
3.155000000000000000e+04	2.479000092000000000e+17
3.160000000000000000e+04	2.479399920000000000e+17
3.165000000000000000e+04	2.479900122000000000e+17
3.170000000000000000e+04	2.480299950000000000e+17
3.175000000000000000e+04	2.480700016000000000e+17
3.180000000000000000e+04	2.481100082000000320e+17
3.185000000000000000e+04	2.481499910000000000e+17
3.190000000000000000e+04	2.481899977000000000e+17
3.195000000000000000e+04	2.482300043000000000e+17
3.200000000000000000e+04	2.482700109000000000e+17
3.205000000000000000e+04	2.483000040000000000e+17
3.210000000000000000e+04	2.483400106000000000e+17
3.215000000000000000e+04	2.483900069999999680e+17
3.220000000000000000e+04	2.484299898000000320e+17
3.225000000000000000e+04	2.484700203000000000e+17
3.230000000000000000e+04	2.485000134000000000e+17
3.235000000000000000e+04	2.485500097000000000e+17
3.240000000000000000e+04	2.485800028000000000e+17
3.245000000000000000e+04	2.486099958000000000e+17
3.250000000000000000e+04	2.486599922000000000e+17
3.255000000000000000e+04	2.486899853000000320e+17
3.260000000000000000e+04	2.487200022000000000e+17
3.265000000000000000e+04	2.487600088000000320e+17
3.270000000000000000e+04	2.487900019000000000e+17
3.275000000000000000e+04	2.488399981999999680e+17
3.280000000000000000e+04	2.488700151000000320e+17
3.285000000000000000e+04	2.489000082000000000e+17
3.290000000000000000e+04	2.489399910000000000e+17
3.295000000000000000e+04	2.489799976000000000e+17
3.300000000000000000e+04	2.490000010000000000e+17
3.305000000000000000e+04	2.490400075999999680e+17
3.310000000000000000e+04	2.490700006000000000e+17
3.315000000000000000e+04	2.491099834000000000e+17
3.320000000000000000e+04	2.491300106000000320e+17
3.325000000000000000e+04	2.491699934000000000e+17
3.330000000000000000e+04	2.492100000000000320e+17
3.335000000000000000e+04	2.492300034000000000e+17
3.340000000000000000e+04	2.492599964000000000e+17
3.345000000000000000e+04	2.493000030999999680e+17
3.350000000000000000e+04	2.493299961000000000e+17
3.355000000000000000e+04	2.493499994000000000e+17
3.360000000000000000e+04	2.493799924999999680e+17
3.365000000000000000e+04	2.494100094000000320e+17
3.370000000000000000e+04	2.494499922000000000e+17
3.375000000000000000e+04	2.494799852000000000e+17
3.380000000000000000e+04	2.495100020999999680e+17
3.385000000000000000e+04	2.495300055000000000e+17
3.390000000000000000e+04	2.495500088000000000e+17
3.395000000000000000e+04	2.495899916000000000e+17
3.400000000000000000e+04	2.496099949000000000e+17
3.405000000000000000e+04	2.496399879000000000e+17
3.410000000000000000e+04	2.496700048000000000e+17
3.415000000000000000e+04	2.496999979000000000e+17
3.420000000000000000e+04	2.497200012000000000e+17
3.425000000000000000e+04	2.497499942999999680e+17
3.430000000000000000e+04	2.497699975999999680e+17
3.435000000000000000e+04	2.498000144999999680e+17
3.440000000000000000e+04	2.498399973000000320e+17
3.445000000000000000e+04	2.498600006000000320e+17
3.450000000000000000e+04	2.498800038999999680e+17
3.455000000000000000e+04	2.498999834000000000e+17
3.460000000000000000e+04	2.499300003000000000e+17
3.465000000000000000e+04	2.499500036000000000e+17
3.470000000000000000e+04	2.499799967000000000e+17
3.475000000000000000e+04	2.500000000000000000e+17
3.480000000000000000e+04	2.500200033000000000e+17
3.485000000000000000e+04	2.500400066000000000e+17
3.490000000000000000e+04	2.500699997000000000e+17
3.495000000000000000e+04	2.500900030000000000e+17
3.500000000000000000e+04	2.501100063000000000e+17
3.505000000000000000e+04	2.501399993999999680e+17
3.510000000000000000e+04	2.501499891000000000e+17
3.515000000000000000e+04	2.501800060000000000e+17
3.520000000000000000e+04	2.502000093000000000e+17
3.525000000000000000e+04	2.502099991000000000e+17
3.530000000000000000e+04	2.502399921000000000e+17
3.535000000000000000e+04	2.502599955000000000e+17
3.540000000000000000e+04	2.502799988000000000e+17
3.545000000000000000e+04	2.502899885000000000e+17
3.550000000000000000e+04	2.503200054000000000e+17
3.555000000000000000e+04	2.503299952000000000e+17
3.560000000000000000e+04	2.503600121000000000e+17
3.565000000000000000e+04	2.503799915000000000e+17
3.570000000000000000e+04	2.503900051000000000e+17
3.575000000000000000e+04	2.504099846000000000e+17
3.580000000000000000e+04	2.504400015000000000e+17
3.585000000000000000e+04	2.504500150999999680e+17
3.590000000000000000e+04	2.504699945000000000e+17
3.595000000000000000e+04	2.504899979000000320e+17
3.600000000000000000e+04	2.504999876000000000e+17
3.605000000000000000e+04	2.505199909000000000e+17
3.610000000000000000e+04	2.505399942000000000e+17
3.615000000000000000e+04	2.505499840000000000e+17
3.620000000000000000e+04	2.505599976000000000e+17
3.625000000000000000e+04	2.505800009000000000e+17
3.630000000000000000e+04	2.506000042000000000e+17
3.635000000000000000e+04	2.506099938999999680e+17
3.640000000000000000e+04	2.506299973000000000e+17
3.645000000000000000e+04	2.506500006000000000e+17
3.650000000000000000e+04	2.506599903000000000e+17
3.655000000000000000e+04	2.506799936000000320e+17
3.660000000000000000e+04	2.506900072000000000e+17
3.665000000000000000e+04	2.507100105000000000e+17
3.670000000000000000e+04	2.507200003000000000e+17
3.675000000000000000e+04	2.507300138000000320e+17
3.680000000000000000e+04	2.507499933000000000e+17
3.685000000000000000e+04	2.507600069000000000e+17
3.690000000000000000e+04	2.507699966000000000e+17
3.695000000000000000e+04	2.507799864000000000e+17
3.700000000000000000e+04	2.507899999999999680e+17
3.705000000000000000e+04	2.507999897000000000e+17
3.710000000000000000e+04	2.508100032999999680e+17
3.715000000000000000e+04	2.508200169000000320e+17
3.720000000000000000e+04	2.508300066000000000e+17
3.725000000000000000e+04	2.508500099000000000e+17
3.730000000000000000e+04	2.508599997000000000e+17
3.735000000000000000e+04	2.508599997000000000e+17
3.740000000000000000e+04	2.508700132000000000e+17
3.745000000000000000e+04	2.508899927000000000e+17
3.750000000000000000e+04	2.509000062999999680e+17
3.755000000000000000e+04	2.509000062999999680e+17
3.760000000000000000e+04	2.509199858000000000e+17
3.765000000000000000e+04	2.509199858000000000e+17
3.770000000000000000e+04	2.509299994000000000e+17
3.775000000000000000e+04	2.509500027000000000e+17
3.780000000000000000e+04	2.509500027000000000e+17
3.785000000000000000e+04	2.509500027000000000e+17
3.790000000000000000e+04	2.509700060000000000e+17
3.795000000000000000e+04	2.509700060000000000e+17
3.800000000000000000e+04	2.509799956999999680e+17
3.805000000000000000e+04	2.509900093000000320e+17
3.810000000000000000e+04	2.509999990000000000e+17
3.815000000000000000e+04	2.509999990000000000e+17
3.820000000000000000e+04	2.510099888000000000e+17
3.825000000000000000e+04	2.510099888000000000e+17
3.830000000000000000e+04	2.510200024000000000e+17
3.835000000000000000e+04	2.510200024000000000e+17
3.840000000000000000e+04	2.510299921000000000e+17
3.845000000000000000e+04	2.510400057000000000e+17
3.850000000000000000e+04	2.510400057000000000e+17
3.855000000000000000e+04	2.510499954000000000e+17
3.860000000000000000e+04	2.510499954000000000e+17
3.865000000000000000e+04	2.510499954000000000e+17
3.870000000000000000e+04	2.510599852000000000e+17
3.875000000000000000e+04	2.510599852000000000e+17
3.880000000000000000e+04	2.510599852000000000e+17
3.885000000000000000e+04	2.510699987000000320e+17
3.890000000000000000e+04	2.510699987000000320e+17
3.895000000000000000e+04	2.510800123000000000e+17
3.900000000000000000e+04	2.510800123000000000e+17
3.905000000000000000e+04	2.510800123000000000e+17
3.910000000000000000e+04	2.510800123000000000e+17
3.915000000000000000e+04	2.510800123000000000e+17
3.920000000000000000e+04	2.510900021000000000e+17
3.925000000000000000e+04	2.510900021000000000e+17
3.930000000000000000e+04	2.511000156000000000e+17
3.935000000000000000e+04	2.511000156000000000e+17
3.940000000000000000e+04	2.511000156000000000e+17
3.945000000000000000e+04	2.511000156000000000e+17
3.950000000000000000e+04	2.511000156000000000e+17
3.955000000000000000e+04	2.511000156000000000e+17
3.960000000000000000e+04	2.511000156000000000e+17
3.965000000000000000e+04	2.511000156000000000e+17
3.970000000000000000e+04	2.511000156000000000e+17
3.975000000000000000e+04	2.511000156000000000e+17
3.980000000000000000e+04	2.511000156000000000e+17
3.985000000000000000e+04	2.511000156000000000e+17
3.990000000000000000e+04	2.511000156000000000e+17
3.995000000000000000e+04	2.510900021000000000e+17
4.000000000000000000e+04	2.510900021000000000e+17
4.005000000000000000e+04	2.510900021000000000e+17
4.010000000000000000e+04	2.510900021000000000e+17
4.015000000000000000e+04	2.510900021000000000e+17
4.020000000000000000e+04	2.510800123000000000e+17
4.025000000000000000e+04	2.510800123000000000e+17
4.030000000000000000e+04	2.510699987000000320e+17
4.035000000000000000e+04	2.510800123000000000e+17
4.040000000000000000e+04	2.510800123000000000e+17
4.045000000000000000e+04	2.510699987000000320e+17
4.050000000000000000e+04	2.510699987000000320e+17
4.055000000000000000e+04	2.510699987000000320e+17
4.060000000000000000e+04	2.510599852000000000e+17
4.065000000000000000e+04	2.510599852000000000e+17
4.070000000000000000e+04	2.510499954000000000e+17
4.075000000000000000e+04	2.510400057000000000e+17
4.080000000000000000e+04	2.510499954000000000e+17
4.085000000000000000e+04	2.510400057000000000e+17
4.090000000000000000e+04	2.510400057000000000e+17
4.095000000000000000e+04	2.510299921000000000e+17
4.100000000000000000e+04	2.510299921000000000e+17
4.105000000000000000e+04	2.510200024000000000e+17
4.110000000000000000e+04	2.510099888000000000e+17
4.115000000000000000e+04	2.510099888000000000e+17
4.120000000000000000e+04	2.509999990000000000e+17
4.125000000000000000e+04	2.509900093000000320e+17
4.130000000000000000e+04	2.509900093000000320e+17
4.135000000000000000e+04	2.509799956999999680e+17
4.140000000000000000e+04	2.509799956999999680e+17
4.145000000000000000e+04	2.509600163000000000e+17
4.150000000000000000e+04	2.509600163000000000e+17
4.155000000000000000e+04	2.509600163000000000e+17
4.160000000000000000e+04	2.509399891000000320e+17
4.165000000000000000e+04	2.509399891000000320e+17
4.170000000000000000e+04	2.509299994000000000e+17
4.175000000000000000e+04	2.509199858000000000e+17
4.180000000000000000e+04	2.509099960000000000e+17
4.185000000000000000e+04	2.509099960000000000e+17
4.190000000000000000e+04	2.509000062999999680e+17
4.195000000000000000e+04	2.508800030000000320e+17
4.200000000000000000e+04	2.508800030000000320e+17
4.205000000000000000e+04	2.508700132000000000e+17
4.210000000000000000e+04	2.508599997000000000e+17
4.215000000000000000e+04	2.508500099000000000e+17
4.220000000000000000e+04	2.508399963000000000e+17
4.225000000000000000e+04	2.508300066000000000e+17
4.230000000000000000e+04	2.508200169000000320e+17
4.235000000000000000e+04	2.508100032999999680e+17
4.240000000000000000e+04	2.507999897000000000e+17
4.245000000000000000e+04	2.507899999999999680e+17
4.250000000000000000e+04	2.507799864000000000e+17
4.255000000000000000e+04	2.507699966000000000e+17
4.260000000000000000e+04	2.507499933000000000e+17
4.265000000000000000e+04	2.507400036000000000e+17
4.270000000000000000e+04	2.507200003000000000e+17
4.275000000000000000e+04	2.507100105000000000e+17
4.280000000000000000e+04	2.506999969000000320e+17
4.285000000000000000e+04	2.506900072000000000e+17
4.290000000000000000e+04	2.506799936000000320e+17
4.295000000000000000e+04	2.506700039000000000e+17
4.300000000000000000e+04	2.506599903000000000e+17
4.305000000000000000e+04	2.506500006000000000e+17
4.310000000000000000e+04	2.506299973000000000e+17
4.315000000000000000e+04	2.506200075000000320e+17
4.320000000000000000e+04	2.506000042000000000e+17
4.325000000000000000e+04	2.505900145000000000e+17
4.330000000000000000e+04	2.505700111000000000e+17
4.335000000000000000e+04	2.505599976000000000e+17
4.340000000000000000e+04	2.505499840000000000e+17
4.345000000000000000e+04	2.505300044999999680e+17
4.350000000000000000e+04	2.505199909000000000e+17
4.355000000000000000e+04	2.504999876000000000e+17
4.360000000000000000e+04	2.504899979000000320e+17
4.365000000000000000e+04	2.504800081000000000e+17
4.370000000000000000e+04	2.504600048000000000e+17
4.375000000000000000e+04	2.504400015000000000e+17
4.380000000000000000e+04	2.504300117000000000e+17
4.385000000000000000e+04	2.504099846000000000e+17
4.390000000000000000e+04	2.503900051000000000e+17
4.395000000000000000e+04	2.503799915000000000e+17
4.400000000000000000e+04	2.503600121000000000e+17
4.405000000000000000e+04	2.503400087000000320e+17
4.410000000000000000e+04	2.503299952000000000e+17
4.415000000000000000e+04	2.503100157000000000e+17
4.420000000000000000e+04	2.503000021000000000e+17
4.425000000000000000e+04	2.502799988000000000e+17
4.430000000000000000e+04	2.502599955000000000e+17
4.435000000000000000e+04	2.502500057000000320e+17
4.440000000000000000e+04	2.502200127000000000e+17
4.445000000000000000e+04	2.502099991000000000e+17
4.450000000000000000e+04	2.501899958000000000e+17
4.455000000000000000e+04	2.501700163000000320e+17
4.460000000000000000e+04	2.501499891000000000e+17
4.465000000000000000e+04	2.501399993999999680e+17
4.470000000000000000e+04	2.501199961000000320e+17
4.475000000000000000e+04	2.500999928000000000e+17
4.480000000000000000e+04	2.500900030000000000e+17
4.485000000000000000e+04	2.500600100000000320e+17
4.490000000000000000e+04	2.500400066000000000e+17
4.495000000000000000e+04	2.500200033000000000e+17
4.500000000000000000e+04	2.500099897000000000e+17
4.505000000000000000e+04	2.499899864000000000e+17
4.510000000000000000e+04	2.499599934000000000e+17
4.515000000000000000e+04	2.499500036000000000e+17
4.520000000000000000e+04	2.499300003000000000e+17
4.525000000000000000e+04	2.498999834000000000e+17
4.530000000000000000e+04	2.498800038999999680e+17
4.535000000000000000e+04	2.498600006000000320e+17
4.540000000000000000e+04	2.498399973000000320e+17
4.545000000000000000e+04	2.498199940000000000e+17
4.550000000000000000e+04	2.498000144999999680e+17
4.555000000000000000e+04	2.497800112000000320e+17
4.560000000000000000e+04	2.497599840000000000e+17
4.565000000000000000e+04	2.497299910000000320e+17
4.570000000000000000e+04	2.497100115000000000e+17
4.575000000000000000e+04	2.496900081999999680e+17
4.580000000000000000e+04	2.496700048000000000e+17
4.585000000000000000e+04	2.496500015000000000e+17
4.590000000000000000e+04	2.496199846000000000e+17
4.595000000000000000e+04	2.496000051000000320e+17
4.600000000000000000e+04	2.495800018000000320e+17
4.605000000000000000e+04	2.495599985000000000e+17
4.610000000000000000e+04	2.495300055000000000e+17
4.615000000000000000e+04	2.495100020999999680e+17
4.620000000000000000e+04	2.494899987999999680e+17
4.625000000000000000e+04	2.494699955000000320e+17
4.630000000000000000e+04	2.494400024000000000e+17
4.635000000000000000e+04	2.494199991000000000e+17
4.640000000000000000e+04	2.493900061000000320e+17
4.645000000000000000e+04	2.493700027000000000e+17
4.650000000000000000e+04	2.493499994000000000e+17
4.655000000000000000e+04	2.493200063999999680e+17
4.660000000000000000e+04	2.493000030999999680e+17
4.665000000000000000e+04	2.492700100000000000e+17
4.670000000000000000e+04	2.492499828000000000e+17
4.675000000000000000e+04	2.492199898000000000e+17
4.680000000000000000e+04	2.491999865000000000e+17
4.685000000000000000e+04	2.491699934000000000e+17
4.690000000000000000e+04	2.491400003000000000e+17
4.695000000000000000e+04	2.491199969999999680e+17
4.700000000000000000e+04	2.490999937000000320e+17
4.705000000000000000e+04	2.490700006000000000e+17
4.710000000000000000e+04	2.490499973000000000e+17
4.715000000000000000e+04	2.490200043000000320e+17
4.720000000000000000e+04	2.489899873999999680e+17
4.725000000000000000e+04	2.489699841000000320e+17
4.730000000000000000e+04	2.489399910000000000e+17
4.735000000000000000e+04	2.489099979000000000e+17
4.740000000000000000e+04	2.488800049000000000e+17
4.745000000000000000e+04	2.488600016000000000e+17
4.750000000000000000e+04	2.488399981999999680e+17
4.755000000000000000e+04	2.487999916000000000e+17
4.760000000000000000e+04	2.487800120999999680e+17
4.765000000000000000e+04	2.487499952000000000e+17
4.770000000000000000e+04	2.487200022000000000e+17
4.775000000000000000e+04	2.486899853000000320e+17
4.780000000000000000e+04	2.486700057999999680e+17
4.785000000000000000e+04	2.486400127000000000e+17
4.790000000000000000e+04	2.486099958000000000e+17
4.795000000000000000e+04	2.485899925000000000e+17
4.800000000000000000e+04	2.485500097000000000e+17
4.805000000000000000e+04	2.485199928000000000e+17
4.810000000000000000e+04	2.485000134000000000e+17
4.815000000000000000e+04	2.484700203000000000e+17
4.820000000000000000e+04	2.484400034000000000e+17
4.825000000000000000e+04	2.484100102999999680e+17
4.830000000000000000e+04	2.483799934000000000e+17
4.835000000000000000e+04	2.483500004000000000e+17
4.840000000000000000e+04	2.483199835000000320e+17
4.845000000000000000e+04	2.482899904000000000e+17
4.850000000000000000e+04	2.482599974000000320e+17
4.855000000000000000e+04	2.482300043000000000e+17
4.860000000000000000e+04	2.481999874000000000e+17
4.865000000000000000e+04	2.481699943999999680e+17
4.870000000000000000e+04	2.481400013000000000e+17
4.875000000000000000e+04	2.481100082000000320e+17
4.880000000000000000e+04	2.480800152000000000e+17
4.885000000000000000e+04	2.480499983000000000e+17
4.890000000000000000e+04	2.480200051999999680e+17
4.895000000000000000e+04	2.479900122000000000e+17
4.900000000000000000e+04	2.479599953000000000e+17
4.905000000000000000e+04	2.479300022000000000e+17
4.910000000000000000e+04	2.478899955999999680e+17
4.915000000000000000e+04	2.478699923000000320e+17
4.920000000000000000e+04	2.478300094999999680e+17
4.925000000000000000e+04	2.477999926000000000e+17
4.930000000000000000e+04	2.477699995000000000e+17
4.935000000000000000e+04	2.477299929000000000e+17
4.940000000000000000e+04	2.476999998000000000e+17
4.945000000000000000e+04	2.476699829000000320e+17
4.950000000000000000e+04	2.476399899000000000e+17
4.955000000000000000e+04	2.476000071000000000e+17
4.960000000000000000e+04	2.475700139999999680e+17
4.965000000000000000e+04	2.475399971000000000e+17
4.970000000000000000e+04	2.475100040000000000e+17
4.975000000000000000e+04	2.474699974000000000e+17
4.980000000000000000e+04	2.474400043000000320e+17
4.985000000000000000e+04	2.474099874000000320e+17
4.990000000000000000e+04	2.473799944000000000e+17
4.995000000000000000e+04	2.473500013000000320e+17
5.000000000000000000e+04	2.473099947000000000e+17
5.005000000000000000e+04	2.472699881000000000e+17
5.010000000000000000e+04	2.472399949999999680e+17
5.015000000000000000e+04	2.472100019000000000e+17
5.020000000000000000e+04	2.471700191000000000e+17
5.025000000000000000e+04	2.471400023000000320e+17
