2.998999999999999773e+02	1.528000000000000000e+16
3.000000000000000000e+02	1.528000000000000000e+16
1.024000000000000000e+03	1.528000000000000000e+16
1.318000000000000000e+03	1.528000000000000000e+16
1.758000000000000000e+03	1.461000000000000000e+16
2.345000000000000000e+03	1.526000000000000200e+16
2.712000000000000000e+03	1.526000000000000200e+16
3.079000000000000000e+03	1.724999999999999800e+16
3.373000000000000000e+03	1.591000000000000000e+16
3.667000000000000000e+03	1.591000000000000000e+16
4.033000000000000000e+03	1.857000000000000000e+16
4.326000000000000000e+03	1.923000000000000000e+16
4.473000000000000000e+03	1.922000000000000000e+16
4.693000000000000000e+03	2.122000000000000000e+16
4.766000000000000000e+03	2.255000000000000000e+16
5.059000000000000000e+03	2.387000000000000000e+16
5.279000000000000000e+03	2.520000000000000000e+16
5.572000000000000000e+03	2.786000000000000000e+16
5.865000000000000000e+03	2.985000000000000000e+16
6.159000000000000000e+03	3.184000000000000000e+16
6.379000000000000000e+03	3.250000000000000000e+16
6.599000000000000000e+03	3.383000000000000000e+16
6.818000000000000000e+03	3.514999999999999600e+16
7.038000000000000000e+03	3.715000000000000000e+16
7.332000000000000000e+03	3.847000000000000000e+16
7.771000000000000000e+03	4.113000000000000000e+16
8.211000000000000000e+03	4.245000000000000000e+16
8.431000000000000000e+03	4.378000000000000000e+16
8.578000000000000000e+03	4.511000000000000000e+16
8.871000000000000000e+03	4.643000000000000000e+16
9.091000000000000000e+03	4.776000000000000000e+16
9.238000000000000000e+03	4.909000000000000000e+16
9.531000000000000000e+03	5.041000000000000000e+16
9.751000000000000000e+03	5.241000000000000000e+16
1.011700000000000000e+04	5.440000000000000000e+16
1.033700000000000000e+04	5.506000000000000000e+16
1.048400000000000000e+04	5.638999999999999200e+16
1.077700000000000000e+04	5.705000000000000000e+16
1.099700000000000000e+04	5.770999999999999200e+16
1.114400000000000000e+04	5.837000000000000000e+16
1.136400000000000000e+04	5.970000000000000000e+16
1.173100000000000000e+04	6.102000000000000000e+16
1.195000000000000000e+04	6.302000000000000000e+16
1.209700000000000000e+04	6.301000000000000000e+16
1.239000000000000000e+04	6.434000000000000000e+16
1.290400000000000000e+04	6.500000000000000000e+16
1.327100000000000000e+04	6.632000000000000000e+16
1.349100000000000000e+04	6.632000000000000000e+16
1.393100000000000000e+04	6.764000000000000000e+16
1.429800000000000000e+04	6.963000000000000000e+16
1.451800000000000000e+04	7.029999999999999200e+16
1.495800000000000000e+04	7.228000000000000000e+16
1.532500000000000000e+04	7.228000000000000000e+16
1.583800000000000000e+04	7.427000000000000000e+16
1.605800000000000000e+04	7.626000000000000000e+16
1.664500000000000000e+04	7.758000000000000000e+16
1.701200000000000000e+04	7.824000000000000000e+16
1.730500000000000000e+04	7.957000000000000000e+16
1.774500000000000000e+04	8.089000000000000000e+16
1.811200000000000000e+04	8.155000000000000000e+16
1.840500000000000000e+04	8.288000000000000000e+16
1.899200000000000000e+04	8.486000000000000000e+16
1.943200000000000000e+04	8.619000000000000000e+16
1.972600000000000000e+04	8.618000000000000000e+16
2.001900000000000000e+04	8.684000000000000000e+16
2.002000000000000000e+04	8.684000000000000000e+16
2.038600000000000000e+04	8.817000000000000000e+16
2.112000000000000000e+04	9.015000000000000000e+16
2.156000000000000000e+04	9.148000000000000000e+16
2.207300000000000000e+04	9.413000000000000000e+16
2.251400000000000000e+04	9.412000000000000000e+16
2.310100000000000000e+04	9.545000000000000000e+16
2.339400000000000000e+04	9.611000000000000000e+16
2.376100000000000000e+04	9.610000000000000000e+16
2.427500000000000000e+04	9.676000000000000000e+16
2.456800000000000000e+04	9.742000000000000000e+16
2.493500000000000000e+04	9.808000000000000000e+16
2.537500000000000000e+04	9.940000000000000000e+16
2.566900000000000000e+04	1.007300000000000160e+17
2.625600000000000000e+04	1.020500000000000000e+17
2.676900000000000000e+04	1.027099999999999840e+17
2.691600000000000000e+04	1.027099999999999840e+17
2.735600000000000000e+04	1.047000000000000000e+17
2.779700000000000000e+04	1.046900000000000000e+17
2.831100000000000000e+04	1.040200000000000000e+17
2.845700000000000000e+04	1.040100000000000000e+17
2.867700000000000000e+04	1.046800000000000000e+17
2.926400000000000000e+04	1.066600000000000000e+17
3.014500000000000000e+04	1.073100000000000000e+17
3.051200000000000000e+04	1.079700000000000160e+17
3.087900000000000000e+04	1.093000000000000000e+17
3.131900000000000000e+04	1.106200000000000000e+17
3.175900000000000000e+04	1.119500000000000000e+17
3.197900000000000000e+04	1.119400000000000000e+17
3.242000000000000000e+04	1.119400000000000000e+17
3.286000000000000000e+04	1.125999999999999840e+17
3.359400000000000000e+04	1.132500000000000000e+17
3.388700000000000000e+04	1.132500000000000000e+17
3.454800000000000000e+04	1.139000000000000000e+17
3.528200000000000000e+04	1.152199999999999840e+17
3.572200000000000000e+04	1.158800000000000000e+17
3.645600000000000000e+04	1.172000000000000000e+17
3.667600000000000000e+04	1.172000000000000000e+17
3.711600000000000000e+04	1.178500000000000160e+17
3.755700000000000000e+04	1.185100000000000000e+17
3.799700000000000000e+04	1.191700000000000000e+17
3.829000000000000000e+04	1.198300000000000000e+17
3.843700000000000000e+04	1.198300000000000000e+17
3.887800000000000000e+04	1.198200000000000000e+17
3.931800000000000000e+04	1.204800000000000160e+17
3.997800000000000000e+04	1.218000000000000000e+17
4.019900000000000000e+04	1.218000000000000000e+17
4.056500000000000000e+04	1.224599999999999840e+17
4.107900000000000000e+04	1.231200000000000000e+17
4.144600000000000000e+04	1.244400000000000000e+17
4.166600000000000000e+04	1.244400000000000000e+17
4.218000000000000000e+04	1.250999999999999840e+17
4.254700000000000000e+04	1.250899999999999840e+17
