2.998999999999999773e+02	2.386000000000000000e+16
3.000000000000000000e+02	2.386000000000000000e+16
1.244000000000000000e+03	2.386000000000000000e+16
1.538000000000000000e+03	2.385000000000000000e+16
2.053000000000000000e+03	2.383000000000000000e+16
2.641000000000000000e+03	2.448000000000000000e+16
3.009000000000000000e+03	2.513000000000000400e+16
3.376000000000000000e+03	2.511999999999999600e+16
3.964000000000000000e+03	2.776000000000000000e+16
4.258000000000000000e+03	2.908000000000000000e+16
4.625000000000000000e+03	3.039000000000000000e+16
4.992000000000000000e+03	3.171000000000000000e+16
5.359000000000000000e+03	3.436000000000000000e+16
5.653000000000000000e+03	3.634000000000000000e+16
6.093000000000000000e+03	3.964000000000000000e+16
6.387000000000000000e+03	4.096000000000000000e+16
6.534000000000000000e+03	4.295000000000000000e+16
6.827000000000000000e+03	4.427000000000000000e+16
7.121000000000000000e+03	4.559000000000000000e+16
7.488000000000000000e+03	4.956000000000000000e+16
7.928000000000000000e+03	5.220000000000000000e+16
8.295000000000000000e+03	5.551000000000000000e+16
8.736000000000000000e+03	5.880999999999999200e+16
9.029000000000000000e+03	6.212000000000000000e+16
9.396000000000000000e+03	6.543000000000000000e+16
9.763000000000000000e+03	6.807000000000000000e+16
1.020300000000000000e+04	7.072000000000000800e+16
1.057000000000000000e+04	7.270000000000000000e+16
1.101100000000000000e+04	7.667000000000000000e+16
1.137800000000000000e+04	7.865000000000000000e+16
1.167100000000000000e+04	8.129000000000000000e+16
1.203800000000000000e+04	8.460000000000000000e+16
1.240500000000000000e+04	8.658000000000000000e+16
1.277200000000000000e+04	8.989000000000000000e+16
1.328600000000000000e+04	9.253000000000000000e+16
1.372700000000000000e+04	9.384000000000000000e+16
1.409400000000000000e+04	9.649000000000000000e+16
1.453500000000000000e+04	9.913000000000000000e+16
1.475500000000000000e+04	1.011100000000000160e+17
1.512200000000000000e+04	1.017700000000000000e+17
1.571000000000000000e+04	1.037400000000000160e+17
1.607700000000000000e+04	1.057199999999999840e+17
1.651800000000000000e+04	1.077000000000000000e+17
1.688500000000000000e+04	1.103400000000000000e+17
1.732600000000000000e+04	1.116600000000000000e+17
1.784000000000000000e+04	1.136300000000000160e+17
1.835400000000000000e+04	1.169400000000000000e+17
1.908800000000000000e+04	1.195700000000000000e+17
1.967600000000000000e+04	1.208800000000000160e+17
2.011700000000000000e+04	1.235200000000000000e+17
2.063100000000000000e+04	1.254999999999999840e+17
2.114500000000000000e+04	1.274700000000000000e+17
2.180600000000000000e+04	1.307700000000000160e+17
2.254100000000000000e+04	1.327399999999999840e+17
2.276100000000000000e+04	1.353900000000000160e+17
2.327500000000000000e+04	1.373700000000000000e+17
2.386300000000000000e+04	1.386800000000000000e+17
2.415700000000000000e+04	1.399999999999999840e+17
2.459800000000000000e+04	1.406500000000000160e+17
2.533200000000000000e+04	1.446100000000000000e+17
2.599300000000000000e+04	1.485700000000000000e+17
2.650800000000000000e+04	1.492200000000000000e+17
2.702200000000000000e+04	1.505300000000000000e+17
2.746300000000000000e+04	1.518400000000000000e+17
2.790300000000000000e+04	1.538200000000000000e+17
2.834400000000000000e+04	1.564600000000000000e+17
2.885900000000000000e+04	1.557900000000000000e+17
2.922600000000000000e+04	1.584300000000000000e+17
2.952000000000000000e+04	1.604100000000000000e+17
3.003400000000000000e+04	1.623900000000000000e+17
3.047500000000000000e+04	1.630400000000000000e+17
3.098900000000000000e+04	1.636900000000000000e+17
3.135600000000000000e+04	1.656700000000000000e+17
3.172400000000000000e+04	1.669800000000000000e+17
3.209100000000000000e+04	1.689600000000000000e+17
3.253200000000000000e+04	1.702800000000000000e+17
3.289900000000000000e+04	1.716000000000000000e+17
3.326600000000000000e+04	1.729100000000000000e+17
3.385400000000000000e+04	1.742200000000000000e+17
3.436900000000000000e+04	1.762000000000000000e+17
3.495600000000000000e+04	1.775100000000000000e+17
3.554400000000000000e+04	1.794800000000000000e+17
3.627900000000000000e+04	1.807900000000000000e+17
3.672000000000000000e+04	1.821000000000000000e+17
3.723500000000000000e+04	1.820900000000000000e+17
3.782200000000000000e+04	1.847300000000000000e+17
3.833600000000000000e+04	1.873600000000000000e+17
3.899800000000000000e+04	1.880100000000000000e+17
3.936500000000000000e+04	1.899900000000000000e+17
3.973300000000000000e+04	1.899800000000000000e+17
4.024700000000000000e+04	1.906300000000000000e+17
4.083500000000000000e+04	1.912700000000000000e+17
4.127600000000000000e+04	1.932500000000000000e+17
4.171700000000000000e+04	1.939000000000000000e+17
4.193700000000000000e+04	1.952200000000000000e+17
4.252600000000000000e+04	1.958700000000000000e+17
4.296700000000000000e+04	1.965200000000000000e+17
