9.497279452206786737e-04	6.013399208368309658e-09
9.500446267629330437e-04	6.013399208368309658e-09
1.266726169017243914e-03	6.138677276918214989e-09
1.583407711271555109e-03	6.215827384612022373e-09
1.900089253525866087e-03	6.268264537216831284e-09
2.216770795780176849e-03	6.306294452348536900e-09
2.533452338034487827e-03	6.335264681213371866e-09
2.850133880288799239e-03	6.358082630292395071e-09
3.166815422543110218e-03	6.376747141541334859e-09
3.483496964797421196e-03	6.392374451377025447e-09
3.800178507051732175e-03	6.405795247365484014e-09
4.116860049306042720e-03	6.417450832276156798e-09
4.433541591560353698e-03	6.427938262797118415e-09
4.750223133814664676e-03	6.437595005752063679e-09
5.066904676068975655e-03	6.447018117829066380e-09
5.383586218323287501e-03	6.456363352946754892e-09
5.700267760577598479e-03	6.466253726779641893e-09
6.016949302831909457e-03	6.477416090947992313e-09
6.333630845086220436e-03	6.490447502139880767e-09
6.650312387340531414e-03	6.506230565894199731e-09
6.966993929594842393e-03	6.526244944437916299e-09
7.283675471849153371e-03	6.550049335001584231e-09
7.600357014103464350e-03	6.580213677242568428e-09
7.917038556357775328e-03	6.617672494672637491e-09
8.233720098612085439e-03	6.663386269789998088e-09
8.550401640866397285e-03	6.718782746848742011e-09
8.867083183120707396e-03	6.784303228618314674e-09
9.183764725375019242e-03	6.862881080566213852e-09
9.500446267629329353e-03	6.953815410058612681e-09
9.817127809883641198e-03	7.058456084390288766e-09
1.013380935213795131e-02	7.177841463018762134e-09
1.045049089439226316e-02	7.312257094794851475e-09
1.076717243664657500e-02	7.461988528569374652e-09
1.108385397890088511e-02	7.628307754677795909e-09
1.140053552115519696e-02	7.810228331635469692e-09
1.171721706340950707e-02	8.008165603225405003e-09
1.203389860566381891e-02	8.221704225664591185e-09
1.235058014791812903e-02	8.450039470373453257e-09
1.266726169017244087e-02	8.695274015253467680e-09
1.298394323242675098e-02	8.953228463488114632e-09
1.330062477468106283e-02	9.226524672707633482e-09
1.361730631693537294e-02	9.510723656231122125e-09
1.393398785918968479e-02	9.807149322366920104e-09
1.425066940144399490e-02	1.011528249138626782e-08
1.456735094369830674e-02	1.043307240336055997e-08
1.488403248595261685e-02	1.075890960113063999e-08
1.520071402820692870e-02	1.109598704002838461e-08
1.551739557046123881e-02	1.143869757898318056e-08
1.583407711271555066e-02	1.178784594657460614e-08
1.615075865496986077e-02	1.214119966996899292e-08
1.646744019722417088e-02	1.250366499760312481e-08
1.678412173947848446e-02	1.286750615151847238e-08
1.710080328173279457e-02	1.323425471191487800e-08
1.741748482398710468e-02	1.360315786818563952e-08
1.773416636624141479e-02	1.397403390742569216e-08
1.805084790849572837e-02	1.434563679828600889e-08
1.836752945075003848e-02	1.471825208961740842e-08
1.868421099300434859e-02	1.508988093946416321e-08
1.900089253525865871e-02	1.546135403539228798e-08
1.931757407751297229e-02	1.583163301794426848e-08
1.963425561976728240e-02	1.620102939495735153e-08
1.995093716202159251e-02	1.656741452954362594e-08
2.026761870427590262e-02	1.693151527332335413e-08
2.058430024653021620e-02	1.729398060095748437e-08
2.090098178878452631e-02	1.765317509630042533e-08
2.121766333103883642e-02	1.800959198009450019e-08
2.153434487329315000e-02	1.836276399058381722e-08
2.185102641554746011e-02	1.871321030749714428e-08
2.216770795780177022e-02	1.905932147367532149e-08
2.248438950005608034e-02	1.940143495594204366e-08
2.280107104231039392e-02	1.974544344421874109e-08
2.311775258456470403e-02	2.007592730056122771e-08
2.343443412681901414e-02	2.040667074676809165e-08
2.375111566907332425e-02	2.073393568879226511e-08
2.406779721132763783e-02	2.105759233170155116e-08
2.438447875358194794e-02	2.137673211097062092e-08
2.470116029583625805e-02	2.169202996024686071e-08
2.501784183809056816e-02	2.200571835236394723e-08
2.533452338034488174e-02	2.231182672044112936e-08
2.565120492259919185e-02	2.261383356866110090e-08
2.596788646485350197e-02	2.291526931917943836e-08
2.628456800710781208e-02	2.321161710835592215e-08
2.660124954936212566e-02	2.350360378781082134e-08
2.691793109161643577e-02	2.379172257828644918e-08
2.723461263387074588e-02	2.407734930606402961e-08
2.755129417612505599e-02	2.435866684209289826e-08
2.786797571837936957e-02	2.463562326840017899e-08
2.818465726063367968e-02	2.490933482140270850e-08
2.850133880288798979e-02	2.517982746008691823e-08
2.881802034514229990e-02	2.544681563560199942e-08
2.913470188739661348e-02	2.571092236362245565e-08
2.945138342965092360e-02	2.597066798192132728e-08
2.976806497190523371e-02	2.622792153752214819e-08
3.008474651415954382e-02	2.648154083502164363e-08
3.040142805641385740e-02	2.673282382374172005e-08
3.071810959866816751e-02	2.698021296449609037e-08
3.103479114092247762e-02	2.722526579647103835e-08
3.135147268317679120e-02	2.746668437034466418e-08
3.166815422543110131e-02	2.770628581516762561e-08
3.198483576768541142e-02	2.794173382216050694e-08
3.230151730993972153e-02	2.817562428996710450e-08
3.261819885219403165e-02	2.840639967940114116e-08
3.293488039444834176e-02	2.863457917019137155e-08
3.325156193670265881e-02	2.885938399274466371e-08
3.356824347895696892e-02	2.908237168624729148e-08
3.388492502121127903e-02	2.930276348110611629e-08
3.420160656346558914e-02	2.952055937732113814e-08
3.451828810571989925e-02	2.973653814448550222e-08
3.483496964797420936e-02	2.994992101300605671e-08
3.515165119022851947e-02	3.016096757274719549e-08
3.546833273248282958e-02	3.036967782370890863e-08
3.578501427473714663e-02	3.057631135575558337e-08
3.610169581699145674e-02	3.078008939929407121e-08
3.641837735924576686e-02	3.098282908337504316e-08
3.673505890150007697e-02	3.118323245867658946e-08
3.705174044375438708e-02	3.138181870492747799e-08
3.736842198600869719e-02	3.157832823226332151e-08
3.768510352826300730e-02	3.177224186095535876e-08
3.800178507051731741e-02	3.196537672005426074e-08
3.831846661277163446e-02	3.215513691091621457e-08
3.863514815502594457e-02	3.234411833218503314e-08
3.895182969728025468e-02	3.253154221426756794e-08
3.926851123953456479e-02	3.271637019770630309e-08
3.958519278178887491e-02	3.290041941155188974e-08
3.990187432404318502e-02	3.308420903553310239e-08
4.021855586629749513e-02	3.326280686222670911e-08
4.053523740855180524e-02	3.343880879027651617e-08
4.085191895080612229e-02	3.361584907778383913e-08
4.116860049306043240e-02	3.379107223624050431e-08
4.148528203531474251e-02	3.396499744537526636e-08
4.180196357756905262e-02	3.413736511532374465e-08
4.211864511982336273e-02	3.430817524608594579e-08
4.243532666207767284e-02	3.447768742752624380e-08
4.275200820433198295e-02	3.464564206978025805e-08
4.306868974658630000e-02	3.481203917284799515e-08
4.338537128884061012e-02	3.497739791645820974e-08
4.370205283109492023e-02	3.514093953101775994e-08
4.401873437334923034e-02	3.530344278611979425e-08
4.433541591560354045e-02	3.546438850203554480e-08
4.465209745785785056e-02	3.562429585849377284e-08
4.496877900011216067e-02	3.578264567576572374e-08
4.528546054236647078e-02	3.593969754371576488e-08
4.560214208462078783e-02	3.609571105220829013e-08
4.591882362687509794e-02	3.625042661137891887e-08
4.623550516912940805e-02	3.640384422122763785e-08
4.655218671138371817e-02	3.653857136084098477e-08
4.686886825363802828e-02	3.668991225177466535e-08
4.718554979589233839e-02	3.685708812443554433e-08
4.750223133814664850e-02	3.700583311672542526e-08
