9.497279452206786737e-04	6.777632039077201323e-09
9.500446267629330437e-04	6.777632039077201323e-09
1.108385397890088424e-03	6.779448542516289113e-09
1.266726169017243914e-03	6.781524986266076177e-09
1.425066940144399620e-03	6.783602203593657533e-09
1.583407711271555109e-03	6.785678649939341672e-09
1.741748482398710598e-03	6.787496697938123453e-09
1.900089253525866087e-03	6.789573144283807592e-09
2.058430024653021360e-03	6.791130475798197904e-09
2.216770795780176849e-03	6.792687809908486947e-09
2.375111566907332338e-03	6.793985974689974760e-09
2.533452338034487827e-03	6.795024196564867051e-09
2.691793109161643750e-03	6.796063192017556115e-09
2.850133880288799239e-03	6.796841473581752442e-09
3.008474651415954729e-03	6.797619752550048384e-09
3.166815422543110218e-03	6.798139638363239428e-09
3.325156193670265707e-03	6.798398805096142754e-09
3.483496964797421196e-03	6.798658748002738276e-09
3.641837735924576686e-03	6.798398805096142754e-09
3.800178507051732175e-03	6.798398805096142754e-09
3.958519278178887664e-03	6.798139638363239428e-09
4.116860049306042720e-03	6.797879695456644733e-09
4.275200820433198642e-03	6.797619752550048384e-09
4.433541591560353698e-03	6.797100640314653287e-09
4.591882362687509621e-03	6.796582304252952039e-09
4.750223133814664676e-03	6.796063192017556115e-09
4.908563904941820599e-03	6.795543308800263802e-09
5.066904676068975655e-03	6.795024196564867051e-09
5.225245447196131578e-03	6.794764253658272356e-09
5.383586218323287501e-03	6.794505086925370684e-09
5.541926989450442556e-03	6.794505086925370684e-09
5.700267760577598479e-03	6.794764253658272356e-09
5.858608531704753535e-03	6.795284139471463400e-09
6.016949302831909457e-03	6.796322361346356518e-09
6.175290073959064513e-03	6.797879695456644733e-09
6.333630845086220436e-03	6.799956139206430970e-09
6.491971616213375491e-03	6.803071581004803347e-09
6.650312387340531414e-03	6.806965301771474147e-09
6.808653158467686470e-03	6.812157184723734031e-09
6.966993929594842393e-03	6.818387292146785762e-09
7.125334700721997448e-03	6.825915564351325307e-09
7.283675471849153371e-03	6.835260339994954296e-09
7.442016242976308427e-03	6.846163220730768717e-09
7.600357014103464350e-03	6.858883378483467702e-09
7.758697785230619405e-03	6.873939922892548445e-09
7.917038556357775328e-03	6.891332080380214173e-09
8.075379327484930383e-03	6.911060624524262487e-09
8.233720098612085439e-03	6.933385500827185983e-09
8.392060869739242229e-03	6.959084983065484798e-09
8.550401640866397285e-03	6.987380797462661278e-09
8.708742411993552340e-03	7.019309613546215051e-09
8.867083183120707396e-03	7.054613814334737551e-09
9.025423954247864186e-03	7.093293397232332527e-09
9.183764725375019242e-03	7.136125870225397052e-09
9.342105496502174297e-03	7.182592121078535202e-09
9.500446267629329353e-03	7.233731145244437695e-09
9.658787038756486143e-03	7.289023833083602375e-09
9.817127809883641198e-03	7.348210239093542434e-09
9.975468581010796254e-03	7.412588533247538183e-09
1.013380935213795131e-02	7.481379657807701926e-09
1.029215012326510810e-02	7.555622610822619804e-09
1.045049089439226316e-02	7.634278394243704850e-09
1.060883166551941821e-02	7.717866120306352987e-09
1.076717243664657500e-02	7.806905674823755260e-09
1.092551320777373006e-02	7.901396281622216991e-09
1.108385397890088511e-02	8.000040554689843775e-09
1.124219475002804017e-02	8.105174101913423962e-09
1.140053552115519696e-02	8.214980422449766012e-09
1.155887629228235201e-02	8.329979402112062622e-09
1.171721706340950707e-02	8.450688605980119477e-09
1.187555783453666212e-02	8.577108805035830485e-09
1.203389860566381891e-02	8.707682665168910740e-09
1.219223937679097397e-02	8.845264914289234918e-09
1.235058014791812903e-02	8.986741657754028324e-09
1.250892091904528408e-02	9.133928625424580321e-09
1.266726169017244087e-02	9.286827361860583245e-09
1.282560246129959593e-02	9.445177150577645627e-09
1.298394323242675098e-02	9.606901550421880789e-09
1.314228400355390604e-02	9.774077002547177064e-09
1.330062477468106283e-02	9.946445116394325802e-09
1.345896554580821788e-02	1.012426428252253400e-08
1.361730631693537294e-02	1.030727533419890163e-08
1.377564708806252800e-02	1.049288116568675676e-08
1.393398785918968479e-02	1.068368043247425946e-08
1.409232863031683984e-02	1.087915092541893544e-08
1.425066940144399490e-02	1.107981484847146154e-08
1.440901017257114995e-02	1.128203533465238030e-08
1.456735094369830674e-02	1.149204403334853622e-08
1.472569171482546180e-02	1.170360929257718358e-08
1.488403248595261685e-02	1.191958815838569444e-08
1.504237325707977191e-02	1.213660446989540126e-08
1.520071402820692870e-02	1.236089066045454521e-08
1.535905479933408375e-02	1.258621507288858144e-08
1.551739557046123881e-02	1.281543243251149171e-08
1.567573634158839560e-02	1.304828356999447643e-08
1.583407711271555066e-02	1.328139619753964773e-08
1.599241788384270571e-02	1.351788343361609391e-08
1.615075865496986077e-02	1.376163822541268899e-08
1.630909942609701582e-02	1.400098018680311856e-08
1.646744019722417088e-02	1.424758970391369539e-08
1.662578096835132940e-02	1.449731543640043722e-08
1.678412173947848446e-02	1.474574300150979582e-08
1.694246251060563951e-02	1.499702529193313450e-08
1.710080328173279457e-02	1.525116385482604847e-08
1.725914405285994963e-02	1.550789874728193310e-08
1.741748482398710468e-02	1.576255719598803976e-08
1.757582559511425974e-02	1.601955048419493546e-08
1.773416636624141479e-02	1.627888015646231254e-08
1.789250713736857332e-02	1.654028782482686355e-08
1.805084790849572837e-02	1.680377038718970769e-08
1.820918867962288343e-02	1.706959088596042587e-08
1.836752945075003848e-02	1.733177683069737822e-08
1.852587022187719354e-02	1.759603922178000976e-08
1.868421099300434859e-02	1.786185972055072794e-08
1.884255176413150365e-02	1.812923677725804131e-08
1.900089253525865871e-02	1.839272088937238021e-08
1.915923330638581723e-02	1.866295267139367532e-08
1.931757407751297229e-02	1.892903311307098819e-08
1.947591484864012734e-02	1.919641171693389180e-08
1.963425561976728240e-02	1.946482699811199371e-08
1.979259639089443745e-02	1.973428049856909497e-08
1.995093716202159251e-02	2.000503216640357947e-08
2.010927793314874756e-02	2.027033432651669849e-08
2.026761870427590262e-02	2.053667316134911792e-08
2.042595947540306114e-02	2.080976276299557524e-08
2.058430024653021620e-02	2.107739821545389306e-08
2.074264101765737126e-02	2.134581349663199498e-08
2.090098178878452631e-02	2.160825938427554203e-08
2.105932255991168137e-02	2.187771288732853788e-08
2.121766333103883642e-02	2.214119854659846702e-08
2.137600410216599148e-02	2.241143032861976213e-08
2.153434487329315000e-02	2.267543432395139252e-08
2.169268564442030506e-02	2.293969826218961760e-08
2.185102641554746011e-02	2.320421904902325359e-08
2.200936718667461517e-02	2.346874138041658522e-08
2.216770795780177022e-02	2.372677289049837156e-08
2.232604872892892528e-02	2.399155362023860556e-08
2.248438950005608034e-02	2.424958667488008754e-08
2.264273027118323539e-02	2.450761973211746412e-08
2.280107104231039392e-02	2.477240200901329166e-08
2.295941181343754897e-02	2.502991518043747554e-08
2.311775258456470403e-02	2.528742835186166272e-08
2.327609335569185908e-02	2.553767242300600867e-08
2.343443412681901414e-02	2.579492565152359786e-08
2.359277489794616919e-02	2.605243881516008472e-08
2.375111566907332425e-02	2.630164311208215068e-08
2.390945644020047930e-02	2.655604317801674571e-08
2.406779721132763783e-02	2.680525056405819303e-08
2.422613798245479289e-02	2.705445486098025568e-08
2.438447875358194794e-02	2.730106593303412306e-08
2.454281952470910300e-02	2.754767700508798714e-08
2.470116029583625805e-02	2.779428805118286557e-08
2.485950106696341311e-02	2.804089603411734166e-08
2.501784183809056816e-02	2.828750710617120243e-08
2.517618260921772322e-02	2.853152183827849431e-08
2.533452338034488174e-02	2.877034391645163735e-08
2.549286415147203680e-02	2.901436173767831059e-08
2.565120492259919185e-02	2.924798804683891464e-08
2.580954569372634691e-02	2.949200589402457684e-08
2.596788646485350197e-02	2.972563531826355782e-08
2.612622723598065702e-02	2.995926471654354654e-08
2.628456800710781208e-02	3.019289722990190889e-08
2.644290877823497060e-02	3.042393342927268799e-08
2.660124954936212566e-02	3.065756282755268002e-08
2.675959032048928071e-02	3.088600268697689023e-08
2.691793109161643577e-02	3.111703886038867707e-08
2.707627186274359082e-02	3.134547563069349599e-08
2.723461263387074588e-02	3.156612649623697856e-08
2.739295340499790093e-02	3.179456635566118215e-08
2.755129417612505599e-02	3.202040987513881685e-08
2.770963494725221452e-02	3.224106074068229280e-08
2.786797571837936957e-02	3.246430792021335861e-08
2.802631648950652463e-02	3.268236247176925132e-08
2.818465726063367968e-02	3.289782377249795318e-08
2.834299803176083474e-02	3.312107095202901899e-08
2.850133880288798979e-02	3.333393282369176729e-08
2.865967957401514485e-02	3.354679781043288591e-08
2.881802034514229990e-02	3.375966277121501889e-08
2.897636111626945843e-02	3.396992832889018394e-08
2.913470188739661348e-02	3.418019697568472706e-08
2.929304265852376854e-02	3.439046559652029114e-08
2.945138342965092360e-02	3.459813792932725762e-08
2.960972420077807865e-02	3.480580714705584717e-08
2.976806497190523371e-02	3.501348254302321268e-08
2.992640574303238876e-02	3.521076954200286939e-08
3.008474651415954382e-02	3.541584553486326036e-08
3.024308728528670234e-02	3.561832518777708245e-08
3.040142805641385740e-02	3.582340115467848777e-08
3.055976882754101245e-02	3.601549858884338364e-08
3.071810959866816751e-02	3.621797824175719910e-08
3.087645036979532256e-02	3.641007567592208835e-08
3.103479114092247762e-02	3.660736267490174506e-08
3.119313191204963268e-02	3.679946010906664092e-08
3.135147268317679120e-02	3.698895811416557661e-08
3.150981345430394626e-02	3.718365186231804910e-08
3.166815422543110131e-02	3.737055664254877959e-08
3.182649499655825637e-02	3.755746142277951670e-08
3.198483576768541142e-02	3.775215208181261114e-08
3.214317653881256648e-02	3.793646361121615741e-08
3.230151730993972153e-02	3.811817573751273576e-08
3.245985808106687659e-02	3.830248417779689736e-08
3.261819885219403165e-02	3.848419936725386812e-08
3.277653962332118670e-02	3.867110105836522056e-08
3.293488039444834176e-02	3.885281624782219133e-08
3.309322116557549681e-02	3.903193203417220079e-08
3.325156193670265881e-02	3.920845150653462039e-08
3.340990270782981386e-02	3.938497404205743902e-08
3.356824347895696892e-02	3.956149660353924329e-08
3.372658425008412397e-02	3.973542282507447205e-08
3.388492502121127903e-02	3.990156005272897979e-08
3.404326579233843408e-02	4.007548315918583823e-08
3.420160656346558914e-02	4.024681306673349037e-08
3.435994733459274419e-02	4.041814294832215024e-08
3.451828810571989925e-02	4.058687651592322687e-08
3.467662887684705431e-02	4.075820639751188674e-08
3.483496964797420936e-02	4.091655774636403715e-08
3.499331041910136442e-02	4.108528510976735217e-08
3.515165119022851947e-02	4.125142233742185329e-08
3.530999196135567453e-02	4.141496634020816245e-08
3.546833273248282958e-02	4.157331766310132059e-08
3.562667350360999158e-02	4.173685857676823846e-08
3.578501427473714663e-02	4.189780315048858745e-08
3.594335504586430169e-02	4.205096181944759345e-08
3.610169581699145674e-02	4.221190948228732710e-08
3.626003658811861180e-02	4.237285096688828480e-08
3.641837735924576686e-02	4.252341641097909223e-08
3.657671813037292191e-02	4.268176775983123602e-08
3.673505890150007697e-02	4.282973068573669860e-08
3.689339967262723202e-02	4.298548878376165817e-08
3.705174044375438708e-02	4.313345170966712075e-08
3.721008121488154213e-02	4.328660728950673547e-08
3.736842198600869719e-02	4.343976904758512615e-08
3.752676275713585224e-02	4.358513565950300549e-08
3.768510352826300730e-02	4.373570110359380630e-08
3.784344429939016236e-02	4.387847446468449480e-08
3.800178507051731741e-02	4.402124782577518330e-08
3.816012584164447941e-02	4.416921692991941522e-08
3.831846661277163446e-02	4.430939706614190515e-08
3.847680738389878952e-02	4.445735999204736773e-08
3.863514815502594457e-02	4.459494378832328876e-08
3.879348892615309963e-02	4.474031037428217584e-08
3.895182969728025468e-02	4.487529785657050701e-08
3.911017046840740974e-02	4.501807739589997146e-08
3.926851123953456479e-02	4.515306176310993232e-08
3.942685201066171985e-02	4.528804924539826349e-08
3.958519278178887491e-02	4.542822626654237648e-08
3.974353355291602996e-02	4.556062049800352343e-08
3.990187432404318502e-02	4.569040912215994086e-08
4.006021509517034007e-02	4.583059234750181545e-08
4.021855586629749513e-02	4.595778772083104866e-08
4.037689663742465018e-02	4.609537151710696969e-08
4.053523740855180524e-02	4.622257000551457322e-08
4.069357817967896723e-02	4.634977158304156141e-08
4.085191895080612229e-02	4.648475903937090694e-08
4.101025972193327734e-02	4.660936118783194157e-08
4.116860049306043240e-02	4.673396333629296959e-08
4.132694126418758745e-02	4.686375813868815636e-08
4.148528203531474251e-02	4.698576706228099242e-08
4.164362280644189757e-02	4.710777287079545154e-08
4.180196357756905262e-02	4.723756769914962396e-08
4.196030434869620768e-02	4.735698028279588451e-08
4.211864511982336273e-02	4.747638977732276039e-08
4.227698589095051779e-02	4.760359132889076294e-08
4.243532666207767284e-02	4.772040450943005558e-08
4.259366743320482790e-02	4.783722075312974062e-08
4.275200820433198295e-02	4.796182290159077525e-08
4.291034897545913801e-02	4.807604283130287705e-08
4.306868974658630000e-02	4.819026276101497884e-08
4.322703051771345506e-02	4.831227168460781490e-08
4.338537128884061012e-02	4.842648849924153977e-08
4.354371205996776517e-02	4.853811211496605832e-08
4.370205283109492023e-02	4.865752469861231887e-08
4.386039360222207528e-02	4.876655194843128288e-08
4.401873437334923034e-02	4.887817244907742450e-08
4.417707514447638539e-02	4.899499180785548647e-08
4.433541591560354045e-02	4.910142274368686063e-08
4.449375668673069550e-02	4.921045001946480367e-08
4.465209745785785056e-02	4.932467303829629675e-08
4.481043822898500562e-02	4.943110397412767091e-08
4.496877900011216067e-02	4.953493859597145519e-08
4.512711977123931573e-02	4.964656218573698810e-08
4.528546054236647078e-02	4.975039678162179336e-08
4.544380131349362584e-02	4.985423140346557765e-08
4.560214208462078783e-02	4.996325867924352731e-08
4.576048285574794289e-02	5.006450005026012738e-08
4.591882362687509794e-02	5.017353041515746171e-08
4.607716439800225300e-02	5.027217544622749288e-08
4.623550516912940805e-02	5.037341372812470828e-08
4.639384594025656311e-02	5.047984466395608243e-08
4.655218671138371817e-02	5.057589647015791503e-08
4.671052748251087322e-02	5.068232740598928919e-08
4.686886825363802828e-02	5.077837612307173050e-08
4.702720902476518333e-02	5.087961440496894590e-08
4.718554979589233839e-02	5.097566003293200916e-08
4.734389056701949344e-02	5.106911241006788158e-08
4.750223133814664850e-02	5.117035378108448165e-08
4.766057210927380355e-02	5.126380618417934634e-08
4.781891288040095861e-02	5.136245121524937751e-08
4.797725365152812060e-02	5.145590361834423558e-08
4.813559442265527566e-02	5.155194922034830658e-08
4.829393519378243071e-02	5.164280837261598043e-08
4.845227596490958577e-02	5.173885708969842836e-08
4.861061673603674083e-02	5.182971315284671754e-08
4.876895750716389588e-02	5.192316552998258996e-08
4.892729827829105094e-02	5.201142836826268056e-08
4.908563904941820599e-02	5.210747705938614946e-08
4.924397982054536105e-02	5.219054103953431309e-08
4.940232059167251610e-02	5.228399653174855583e-08
4.956066136279967116e-02	5.236965991500369399e-08
4.971900213392682621e-02	5.246051597815199640e-08
4.987734290505398127e-02	5.255137204130027896e-08
5.003568367618113633e-02	5.263444219968723179e-08
5.019402444730829138e-02	5.272269883376956078e-08
5.035236521843544644e-02	5.280576899215650037e-08
5.051070598956260843e-02	5.289403180447759871e-08
5.066904676068976349e-02	5.298229464275768931e-08
5.082738753181691854e-02	5.306016594301272177e-08
5.098572830294407360e-02	5.314582935222685220e-08
5.114406907407122865e-02	5.323149893967975196e-08
5.130240984519838371e-02	5.330937644413253941e-08
5.146075061632553876e-02	5.339503982738768419e-08
5.161909138745269382e-02	5.347811001173361604e-08
5.177743215857984888e-02	5.355338808712044993e-08
5.193577292970700393e-02	5.363386502063919094e-08
5.209411370083415899e-02	5.371692897482838877e-08
5.225245447196131404e-02	5.379740590834713640e-08
5.241079524308846910e-02	5.387268398373395705e-08
5.256913601421562415e-02	5.395315473901393534e-08
5.272747678534277921e-02	5.403103842170548551e-08
5.288581755646994120e-02	5.410890974791950362e-08
5.304415832759709626e-02	5.418938047724048964e-08
5.320249909872425131e-02	5.425687885206374216e-08
5.336083986985140637e-02	5.433475635651651637e-08
5.351918064097856143e-02	5.441003443190335688e-08
5.367752141210571648e-02	5.448531871148794575e-08
5.383586218323287154e-02	5.456059678687477302e-08
5.399420295436002659e-02	5.463587486226159367e-08
5.415254372548718165e-02	5.470856589101900494e-08
5.431088449661433670e-02	5.478384396640583883e-08
5.446922526774149176e-02	5.484874293812211020e-08
5.462756603886864681e-02	5.492142776268175325e-08
5.478590680999580187e-02	5.499411261320038194e-08
5.494424758112295692e-02	5.506420423885081868e-08
5.510258835225011198e-02	5.513428966030348720e-08
5.526092912337726704e-02	5.520438125999492505e-08
5.541926989450442903e-02	5.527446668144760680e-08
5.557761066563158409e-02	5.534455828113905790e-08
5.573595143675873914e-02	5.541205047772353445e-08
5.589429220788589420e-02	5.548473532824214330e-08
5.605263297901304925e-02	5.555222749886764083e-08
5.621097375014020431e-02	5.561971969545211739e-08
5.636931452126735936e-02	5.568461864120940311e-08
5.652765529239451442e-02	5.574951761292568109e-08
5.668599606352166947e-02	5.581441655868296019e-08
5.684433683464882453e-02	5.587931550444025915e-08
5.700267760577597959e-02	5.594421445019753825e-08
5.716101837690313464e-02	5.601429987165021339e-08
5.731935914803028970e-02	5.607919881740749911e-08
5.747769991915744475e-02	5.614149836005780368e-08
5.763604069028459981e-02	5.620120465188094388e-08
5.779438146141176180e-02	5.626870302670418978e-08
5.795272223253891686e-02	5.632840311432956176e-08
5.811106300366607191e-02	5.639070265697987956e-08
5.826940377479322697e-02	5.645041512704178249e-08
5.842774454592038202e-02	5.651790732362625243e-08
5.858608531704753708e-02	5.657501418638343245e-08
5.874442608817469214e-02	5.663472047820655280e-08
5.890276685930184719e-02	5.669702002085686399e-08
5.906110763042900225e-02	5.675413306185280673e-08
5.921944840155615730e-02	5.681903203356909133e-08
5.937778917268331236e-02	5.687613889632626474e-08
5.953612994381046741e-02	5.693065253421523295e-08
5.969447071493762247e-02	5.699295205090656511e-08
5.985281148606477752e-02	5.704747186703431590e-08
6.001115225719193258e-02	5.710977140968462709e-08
6.016949302831908764e-02	5.716168561850764174e-08
6.032783379944624963e-02	5.722139808856953143e-08
6.048617457057340469e-02	5.728109820215389567e-08
6.064451534170055974e-02	5.733561184004287712e-08
6.080285611282771480e-02	5.739272488103881986e-08
6.096119688395486985e-02	5.744204586499363594e-08
6.111953765508202491e-02	5.750175215681676952e-08
6.127787842620917996e-02	5.755626579470573774e-08
6.143621919733633502e-02	5.760818000352875239e-08
6.159455996846349007e-02	5.766529307048369401e-08
6.175290073959064513e-02	5.771980668241367658e-08
6.191124151071780018e-02	5.776912766636848604e-08
6.206958228184495524e-02	5.782364130425746087e-08
6.222792305297211030e-02	5.787815494214642908e-08
6.238626382409926535e-02	5.793266858003539729e-08
6.254460459522642735e-02	5.797939631316303577e-08
6.270294536635358240e-02	5.803131670022481976e-08
6.286128613748073746e-02	5.808323090904783441e-08
6.301962690860789251e-02	5.813515132206861066e-08
6.317796767973504757e-02	5.818706553089162531e-08
6.333630845086220262e-02	5.823898591795340931e-08
6.349464922198935768e-02	5.828311424797406663e-08
6.365298999311651273e-02	5.833243520596989706e-08
6.381133076424366779e-02	5.838176236816348909e-08
6.396967153537082285e-02	5.843367660294548939e-08
6.412801230649797790e-02	5.848040433607311463e-08
6.428635307762513296e-02	5.852972529406894506e-08
6.444469384875228801e-02	5.857645305315556256e-08
6.460303461987944307e-02	5.862577401115139299e-08
6.476137539100659812e-02	5.867250177023801049e-08
6.491971616213375318e-02	5.871663007429968217e-08
6.507805693326090823e-02	5.876855048732045181e-08
6.523639770438806329e-02	5.881787144531628224e-08
6.539473847551521835e-02	5.886199977533693956e-08
6.555307924664237340e-02	5.890872750846457141e-08
6.571142001776952846e-02	5.895026258765805113e-08
6.586976078889668351e-02	5.899699032078567637e-08
6.602810156002383857e-02	5.904631130474049245e-08
6.618644233115099362e-02	5.908784638393396555e-08
6.634478310227816256e-02	5.913197471395462287e-08
6.650312387340531761e-02	5.917610301801629455e-08
6.666146464453247267e-02	5.922283075114391978e-08
6.681980541565962772e-02	5.926695908116458372e-08
6.697814618678678278e-02	5.930590090953086599e-08
6.713648695791393783e-02	5.935262866861748349e-08
6.729482772904109289e-02	5.939675697267915516e-08
6.745316850016824795e-02	5.943569262280666147e-08
6.761150927129540300e-02	5.947982713106610137e-08
6.776985004242255806e-02	5.952136221025957447e-08
6.792819081354971311e-02	5.956549054028023179e-08
6.808653158467686817e-02	5.960442619040773810e-08
6.824487235580402322e-02	5.964855452042840204e-08
6.840321312693117828e-02	5.968749634879469092e-08
6.856155389805833333e-02	5.973163085705411758e-08
6.871989466918548839e-02	5.976797328231343854e-08
6.887823544031264345e-02	5.980950218326813569e-08
6.903657621143979850e-02	5.984844403759340360e-08
6.919491698256695356e-02	5.988997291258912171e-08
6.935325775369410861e-02	5.993151419598034980e-08
6.951159852482126367e-02	5.996525719217371059e-08
6.966993929594841872e-02	6.000679227136719031e-08
6.982828006707557378e-02	6.004832735056065679e-08
6.998662083820272883e-02	6.008726300068816309e-08
7.014496160932988389e-02	6.012360542594748406e-08
7.030330238045703894e-02	6.016254728027276520e-08
7.046164315158419400e-02	6.020148913459803311e-08
7.061998392271134906e-02	6.024042478472553942e-08
7.077832469383850411e-02	6.027936043485307219e-08
7.093666546496565917e-02	6.031051638441699051e-08
7.109500623609281422e-02	6.034685880967631147e-08
7.125334700721998316e-02	6.038579445980381778e-08
7.141168777834713821e-02	6.042213688506313874e-08
7.157002854947429327e-02	6.045847931032245971e-08
7.172836932060144832e-02	6.049482173558176744e-08
7.188671009172860338e-02	6.053116416084108840e-08
7.204505086285575843e-02	6.056750658610039613e-08
7.220339163398291349e-02	6.060124958229375692e-08
7.236173240511006854e-02	6.063759818579184723e-08
7.252007317623722360e-02	6.067134738618295638e-08
7.267841394736437866e-02	6.070509038237631717e-08
7.283675471849153371e-02	6.073883955680844729e-08
7.299509548961868877e-02	6.078037463600191378e-08
7.315343626074584382e-02	6.081411765815426683e-08
7.331177703187299888e-02	6.084526740352043677e-08
7.347011780300015393e-02	6.087901660391154593e-08
7.362845857412730899e-02	6.091016637523672138e-08
7.378679934525446404e-02	6.094650877453703684e-08
7.394514011638161910e-02	6.097765854586219905e-08
7.410348088750877416e-02	6.101140774625332144e-08
7.426182165863592921e-02	6.104775017151262918e-08
7.442016242976308427e-02	6.107889991687879912e-08
7.457850320089023932e-02	6.110745025913800115e-08
7.473684397201739438e-02	6.114379268439730888e-08
7.489518474314454943e-02	6.117234920489529349e-08
7.505352551427170449e-02	6.120090575135225713e-08
7.521186628539885954e-02	6.123724817661156486e-08
7.537020705652601460e-02	6.126580469710953623e-08
7.552854782765316966e-02	6.129954769330289702e-08
7.568688859878032471e-02	6.132810421380086839e-08
7.584522936990747977e-02	6.136185341419197755e-08
7.600357014103463482e-02	6.139300318551713976e-08
7.616191091216180376e-02	6.142155970601511113e-08
7.632025168328895881e-02	6.145530888044724126e-08
7.647859245441611387e-02	6.148125979364048311e-08
7.663693322554326892e-02	6.151241576916339369e-08
7.679527399667042398e-02	6.154356551452957687e-08
7.695361476779757903e-02	6.156952263192056709e-08
7.711195553892473409e-02	6.159807915241853847e-08
7.727029631005188914e-02	6.163182835280966086e-08
7.742863708117904420e-02	6.166038487330763223e-08
7.758697785230619925e-02	6.168374256163267551e-08
7.774531862343335431e-02	6.171489230699884546e-08
7.790365939456050937e-02	6.174344885345580909e-08
7.806200016568766442e-02	6.177459859882197904e-08
7.822034093681481948e-02	6.180056189445175184e-08
7.837868170794197453e-02	6.183171166577690081e-08
7.853702247906912959e-02	6.185766878316789104e-08
7.869536325019628464e-02	6.188621912542710630e-08
7.885370402132343970e-02	6.191218239509788684e-08
7.901204479245059475e-02	6.193554628762069172e-08
7.917038556357774981e-02	6.196669603298686167e-08
7.932872633470490487e-02	6.199525257944382531e-08
7.948706710583205992e-02	6.202120967087583650e-08
7.964540787695921498e-02	6.204716678826682672e-08
7.980374864808637003e-02	6.207313008389661275e-08
7.996208941921352509e-02	6.209908717532863718e-08
8.012043019034068014e-02	6.212245104189243657e-08
8.027877096146783520e-02	6.214840815928342679e-08
8.043711173259499025e-02	6.217177202584725264e-08
8.059545250372214531e-02	6.220292179717241485e-08
8.075379327484930037e-02	6.222628566373622747e-08
8.091213404597645542e-02	6.224964953030004009e-08
8.107047481710361048e-02	6.227560662173206452e-08
8.122881558823077941e-02	6.230416316818901492e-08
8.138715635935793447e-02	6.232492760568688060e-08
8.154549713048508952e-02	6.235089090131665339e-08
8.170383790161224458e-02	6.237684801870764362e-08
8.186217867273939963e-02	6.239761245620550929e-08
8.202051944386655469e-02	6.242616897670348066e-08
8.217886021499370974e-02	6.244953284326729328e-08
8.233720098612086480e-02	6.247030348496289409e-08
8.249554175724801985e-02	6.249626060235391079e-08
8.265388252837517491e-02	6.251702503985176322e-08
8.281222329950232997e-02	6.254298833548153602e-08
8.297056407062948502e-02	6.256894542691354722e-08
8.312890484175664008e-02	6.258711663954321432e-08
8.328724561288379513e-02	6.261307375693420454e-08
8.344558638401095019e-02	6.263383819443207021e-08
8.360392715513810524e-02	6.265720206099588283e-08
8.376226792626526030e-02	6.268316535662566886e-08
8.392060869739241535e-02	6.270133656925530950e-08
8.407894946851957041e-02	6.272470043581912211e-08
8.423729023964672546e-02	6.274806432834192700e-08
8.439563101077388052e-02	6.277142199070799125e-08
8.455397178190103558e-02	6.278959320333764511e-08
8.471231255302819063e-02	6.281296327409920610e-08
8.487065332415534569e-02	6.283372771159707177e-08
8.502899409528250074e-02	6.285709157816088439e-08
8.518733486640965580e-02	6.287785604161772910e-08
8.534567563753681085e-02	6.290121990818154172e-08
8.550401640866396591e-02	6.292199052391817673e-08
8.566235717979112096e-02	6.293756233344086268e-08
8.582069795091827602e-02	6.295832677093871512e-08
8.597903872204543108e-02	6.297909741263432917e-08
8.613737949317260001e-02	6.299986185013219484e-08
8.629572026429975506e-02	6.302063249182782212e-08
8.645406103542691012e-02	6.304658958325980684e-08
8.661240180655406518e-02	6.306476079588948718e-08
8.677074257768122023e-02	6.308553143758510122e-08
8.692908334880837529e-02	6.310369644601699348e-08
8.708742411993553034e-02	6.312187386284442219e-08
8.724576489106268540e-02	6.314263830034226139e-08
8.740410566218984045e-02	6.316080951297192849e-08
8.756244643331699551e-02	6.318158015466754254e-08
8.772078720444415056e-02	6.319974516309943480e-08
8.787912797557130562e-02	6.321792257992686350e-08
8.803746874669846068e-02	6.323608758835875576e-08
8.819580951782561573e-02	6.325945145492255514e-08
8.835415028895277079e-02	6.327762266755222224e-08
8.851249106007992584e-02	6.329320065531369077e-08
8.867083183120708090e-02	6.331396509281154321e-08
8.882917260233423595e-02	6.333213630544119707e-08
8.898751337346139101e-02	6.334771429320265237e-08
8.914585414458854606e-02	6.336847873070051804e-08
8.930419491571570112e-02	6.338405671846196010e-08
8.946253568684285618e-02	6.340482115595982577e-08
8.962087645797001123e-02	6.342039914372129430e-08
8.977921722909716629e-02	6.344116358121914674e-08
8.993755800022432134e-02	6.345674154302162300e-08
9.009589877135147640e-02	6.347491275565127686e-08
9.025423954247863145e-02	6.349308396828093073e-08
9.041258031360578651e-02	6.350866195604238602e-08
9.057092108473294156e-02	6.352683316867205312e-08
9.072926185586009662e-02	6.354500438130170698e-08
9.088760262698725167e-02	6.356058234310418324e-08
9.104594339811442061e-02	6.357615415262686919e-08
9.120428416924157566e-02	6.359432533929753079e-08
9.136262494036873072e-02	6.360989714882021675e-08
9.152096571149588577e-02	6.362547511062270624e-08
9.167930648262304083e-02	6.364364632325234687e-08
9.183764725375019589e-02	6.365922431101381540e-08
9.199598802487735094e-02	6.367739552364345603e-08
9.215432879600450600e-02	6.369297348544594552e-08
9.231266956713166105e-02	6.370594586590267129e-08
9.247101033825881611e-02	6.372152382770514756e-08
9.262935110938597116e-02	6.373710181546660285e-08
9.278769188051312622e-02	6.375267359903029653e-08
9.294603265164028127e-02	6.376825156083277279e-08
9.310437342276743633e-02	6.378382337035545874e-08
9.326271419389459139e-02	6.379940133215792177e-08
9.342105496502174644e-02	6.381497311572161546e-08
9.357939573614890150e-02	6.382795785265589314e-08
9.373773650727605655e-02	6.384352966217857909e-08
9.389607727840321161e-02	6.385651439911285678e-08
9.405441804953036666e-02	6.387467940754476227e-08
9.421275882065752172e-02	6.389025739530621756e-08
9.437109959178467677e-02	6.390323595400171268e-08
9.452944036291183183e-02	6.391880773756541960e-08
9.468778113403898689e-02	6.393179247449968405e-08
9.484612190516614194e-02	6.394736425806339097e-08
9.500446267629329700e-02	6.396294224582483303e-08
9.516280344742045205e-02	6.397332755369316377e-08
9.532114421854760711e-02	6.398630611238867211e-08
9.547948498967476216e-02	6.400447732501831274e-08
9.563782576080191722e-02	6.401745585775482883e-08
9.579616653192907227e-02	6.402784119158213860e-08
9.595450730305624121e-02	6.404341297514583228e-08
9.611284807418339626e-02	6.405639153384132739e-08
9.627118884531055132e-02	6.407196949564380366e-08
9.642952961643770637e-02	6.408235482947110019e-08
9.658787038756486143e-02	6.409793279127357645e-08
9.674621115869201649e-02	6.411091134996908480e-08
9.690455192981917154e-02	6.412388370446683154e-08
9.706289270094632660e-02	6.413427521653289742e-08
9.722123347207348165e-02	6.414984700009659111e-08
9.737957424320063671e-02	6.416022612972613927e-08
9.753791501432779176e-02	6.417580411748760780e-08
9.769625578545494682e-02	6.418878267618308967e-08
9.785459655658210187e-02	6.419657475918320861e-08
9.801293732770925693e-02	6.421214654274691553e-08
9.817127809883641198e-02	6.422512507548343161e-08
9.832961886996356704e-02	6.423551040931072815e-08
9.848795964109072210e-02	6.424848896800621002e-08
9.864630041221787715e-02	6.426146750074273934e-08
9.880464118334503221e-02	6.427185283457004911e-08
9.896298195447218726e-02	6.427964491757015481e-08
9.912132272559934232e-02	6.429261727206790155e-08
9.927966349672649737e-02	6.430560200900217924e-08
9.943800426785365243e-02	6.431598734282947578e-08
9.959634503898080748e-02	6.432895969732720928e-08
9.975468581010796254e-02	6.433935120939328839e-08
9.991302658123511760e-02	6.435232976808878351e-08
1.000713673523622727e-01	6.436270889771833167e-08
1.002297081234894277e-01	6.437569363465259612e-08
1.003880488946165828e-01	6.438607276428214429e-08
1.005463896657437378e-01	6.439645807215046180e-08
1.007047304368708929e-01	6.440684338001877931e-08
1.008630712079980618e-01	6.441722250964831424e-08
1.010214119791252169e-01	6.442760784347561078e-08
1.011797527502523719e-01	6.443799315134392828e-08
1.013380935213795270e-01	6.444837845921224579e-08
1.014964342925066820e-01	6.445616436397358215e-08
1.016547750636338371e-01	6.446654967184189966e-08
1.018131158347609921e-01	6.447952823053739477e-08
1.019714566058881472e-01	6.448990736016695617e-08
1.021297973770153023e-01	6.450029887223302205e-08
1.022881381481424573e-01	6.450808477699435840e-08
1.024464789192696124e-01	6.452106330973087449e-08
1.026048196903967674e-01	6.452884921449222408e-08
1.027631604615239225e-01	6.453663509329456817e-08
1.029215012326510775e-01	6.454961365199007652e-08
1.030798420037782326e-01	6.455739955675142611e-08
1.032381827749053876e-01	6.456519163975153181e-08
1.033965235460325427e-01	6.457557694761986255e-08
1.035548643171596978e-01	6.458336285238118567e-08
1.037132050882868528e-01	6.459634138511770175e-08
1.038715458594140079e-01	6.460413346811783392e-08
1.040298866305411629e-01	6.461191937287915705e-08
1.041882274016683180e-01	6.462229850250870521e-08
1.043465681727954730e-01	6.463268381037702272e-08
1.045049089439226281e-01	6.463787649027016050e-08
1.046632497150497831e-01	6.464826179813846478e-08
1.048215904861769382e-01	6.465604767694083534e-08
1.049799312573040933e-01	6.466642680657038351e-08
1.051382720284312483e-01	6.467162566470230386e-08
1.052966127995584034e-01	6.468200479433183880e-08
1.054549535706855584e-01	6.469239010220015630e-08
1.056132943418127135e-01	6.469758278209329409e-08
1.057716351129398824e-01	6.470536866089565142e-08
1.059299758840670375e-01	6.471575399472294795e-08
1.060883166551941925e-01	6.472353987352530528e-08
1.062466574263213476e-01	6.472873252745946403e-08
1.064049981974485026e-01	6.473651843222080039e-08
1.065633389685756577e-01	6.474431051522093256e-08
1.067216797397028127e-01	6.475468964485046749e-08
1.068800205108299678e-01	6.476247552365282482e-08
1.070383612819571229e-01	6.477026760665293052e-08
1.071967020530842779e-01	6.477546028654608154e-08
1.073550428242114330e-01	6.478065294048024029e-08
1.075133835953385880e-01	6.479103207010977522e-08
1.076717243664657431e-01	6.479622472404393398e-08
1.078300651375928981e-01	6.480401060284629130e-08
1.079884059087200532e-01	6.481180268584641024e-08
1.081467466798472082e-01	6.481958859060775983e-08
1.083050874509743633e-01	6.482478124454190535e-08
1.084634282221015184e-01	6.483256714930324171e-08
1.086217689932286734e-01	6.483775980323740046e-08
1.087801097643558285e-01	6.484555188623751939e-08
1.089384505354829835e-01	6.485593101586708079e-08
1.090967913066101386e-01	6.486112366980123955e-08
1.092551320777372936e-01	6.486631632373537183e-08
1.094134728488644487e-01	6.487150279943077448e-08
1.095718136199916037e-01	6.487929488243088018e-08
1.097301543911187588e-01	6.488448753636503893e-08
1.098884951622459138e-01	6.489227344112638852e-08
1.100468359333730689e-01	6.489746609506054728e-08
1.102051767045002240e-01	6.490265874899469280e-08
1.103635174756273790e-01	6.490785140292885155e-08
1.105218582467545341e-01	6.491563730769020114e-08
1.106801990178817030e-01	6.492082996162435990e-08
1.108385397890088581e-01	6.492602261555851865e-08
1.109968805601360131e-01	6.493380852031985501e-08
1.111552213312631682e-01	6.493640174518805358e-08
1.113135621023903232e-01	6.494419382818817252e-08
1.114719028735174783e-01	6.494938648212233127e-08
1.116302436446446333e-01	6.495197973294950887e-08
1.117885844157717884e-01	6.495976561175186620e-08
1.119469251868989434e-01	6.496495829164501722e-08
1.121052659580260985e-01	6.497015094557917597e-08
1.122636067291532536e-01	6.497274417044737455e-08
1.124219475002804086e-01	6.498053625344748025e-08
1.125802882714075637e-01	6.498312950427467109e-08
1.127386290425347187e-01	6.499092158727479002e-08
1.128969698136618738e-01	6.499610803701118717e-08
1.130553105847890288e-01	6.499870746607714735e-08
1.132136513559161839e-01	6.500389394177252352e-08
1.133719921270433389e-01	6.501168602477264246e-08
1.135303328981704940e-01	6.501428545383858940e-08
1.136886736692976491e-01	6.501947190357499979e-08
1.138470144404248041e-01	6.502466458346815080e-08
1.140053552115519592e-01	6.502725780833634938e-08
1.141636959826791142e-01	6.503245046227050813e-08
1.143220367538062693e-01	6.503764311620465365e-08
1.144803775249334243e-01	6.504023636703184449e-08
1.146387182960605794e-01	6.504283579609780467e-08
1.147970590671877344e-01	6.504802845003196342e-08
1.149553998383148895e-01	6.505322110396612218e-08
1.151137406094420446e-01	6.505581432883430752e-08
1.152720813805691996e-01	6.506100700872745853e-08
1.154304221516963547e-01	6.506619966266161729e-08
1.155887629228235236e-01	6.506879288752981586e-08
1.157471036939506787e-01	6.507398554146398785e-08
1.159054444650778337e-01	6.507658497052993480e-08
1.160637852362049888e-01	6.508177762446409355e-08
1.162221260073321438e-01	6.508437087529127115e-08
1.163804667784592989e-01	6.508697027839825230e-08
1.165388075495864539e-01	6.509215675409362848e-08
1.166971483207136090e-01	6.509475618315958866e-08
1.168554890918407640e-01	6.509734940802778723e-08
1.170138298629679191e-01	6.509994265885497807e-08
1.171721706340950742e-01	6.510254208792092502e-08
1.173305114052222292e-01	6.510513531278913683e-08
1.174888521763493843e-01	6.510773474185508377e-08
1.176471929474765393e-01	6.511033417092105719e-08
1.178055337186036944e-01	6.511292739578924253e-08
1.179638744897308494e-01	6.511812004972340128e-08
1.181222152608580045e-01	6.512071330055059212e-08
1.182805560319851595e-01	6.512071330055059212e-08
1.184388968031123146e-01	6.512331270365756003e-08
1.185972375742394697e-01	6.512849917935294945e-08
1.187555783453666247e-01	6.513109860841889639e-08
1.189139191164937798e-01	6.513109860841889639e-08
1.190722598876209348e-01	6.513628508411428580e-08
1.192306006587480899e-01	6.513628508411428580e-08
1.193889414298752449e-01	6.513888451318024598e-08
1.195472822010024000e-01	6.514407716711440474e-08
1.197056229721295550e-01	6.514407716711440474e-08
1.198639637432567101e-01	6.514407716711440474e-08
1.200223045143838652e-01	6.514926982104856349e-08
1.201806452855110202e-01	6.514926982104856349e-08
1.203389860566381753e-01	6.515186304591674883e-08
1.204973268277653442e-01	6.515446247498272224e-08
1.206556675988924993e-01	6.515705569985092082e-08
1.208140083700196543e-01	6.515705569985092082e-08
1.209723491411468094e-01	6.515964895067811166e-08
1.211306899122739644e-01	6.515964895067811166e-08
1.212890306834011195e-01	6.516224837974405860e-08
1.214473714545282745e-01	6.516224837974405860e-08
1.216057122256554296e-01	6.516484160461225718e-08
1.217640529967825846e-01	6.516744103367821736e-08
1.219223937679097397e-01	6.516744103367821736e-08
1.220807345390368948e-01	6.517003425854641593e-08
1.222390753101640498e-01	6.517003425854641593e-08
1.223974160812912049e-01	6.517003425854641593e-08
1.225557568524183599e-01	6.517262750937360677e-08
1.227140976235455150e-01	6.517262750937360677e-08
1.228724383946726700e-01	6.517262750937360677e-08
1.230307791657998251e-01	6.517522691248058792e-08
1.231891199369269801e-01	6.517522691248058792e-08
1.233474607080541352e-01	6.517782634154653486e-08
1.235058014791812903e-01	6.517782634154653486e-08
1.236641422503084453e-01	6.517782634154653486e-08
1.238224830214356004e-01	6.517782634154653486e-08
1.239808237925627554e-01	6.517782634154653486e-08
1.241391645636899105e-01	6.518041959237372570e-08
1.242975053348170655e-01	6.518041959237372570e-08
1.244558461059442206e-01	6.518301899548069362e-08
1.246141868770713756e-01	6.518301899548069362e-08
1.247725276481985307e-01	6.518301899548069362e-08
1.249308684193256858e-01	6.518301899548069362e-08
1.250892091904528547e-01	6.518301899548069362e-08
1.252475499615799959e-01	6.518301899548069362e-08
1.254058907327071648e-01	6.518301899548069362e-08
1.255642315038343060e-01	6.518301899548069362e-08
1.257225722749614749e-01	6.518301899548069362e-08
1.258809130460886161e-01	6.518301899548069362e-08
1.260392538172157850e-01	6.518301899548069362e-08
1.261975945883429262e-01	6.518301899548069362e-08
1.263559353594700951e-01	6.518301899548069362e-08
1.265142761305972363e-01	6.518041959237372570e-08
1.266726169017244052e-01	6.518041959237372570e-08
1.268309576728515464e-01	6.518041959237372570e-08
1.269892984439787154e-01	6.518041959237372570e-08
1.271476392151058565e-01	6.518041959237372570e-08
1.273059799862330255e-01	6.517782634154653486e-08
1.274643207573601666e-01	6.517782634154653486e-08
1.276226615284873356e-01	6.517522691248058792e-08
1.277810022996145045e-01	6.517782634154653486e-08
1.279393430707416457e-01	6.517782634154653486e-08
1.280976838418688146e-01	6.517522691248058792e-08
1.282560246129959558e-01	6.517522691248058792e-08
1.284143653841231247e-01	6.517522691248058792e-08
1.285727061552502659e-01	6.517262750937360677e-08
1.287310469263774348e-01	6.517262750937360677e-08
1.288893876975045760e-01	6.517003425854641593e-08
1.290477284686317450e-01	6.516744103367821736e-08
1.292060692397588861e-01	6.517003425854641593e-08
1.293644100108860551e-01	6.516744103367821736e-08
1.295227507820131962e-01	6.516744103367821736e-08
1.296810915531403652e-01	6.516484160461225718e-08
1.298394323242675064e-01	6.516484160461225718e-08
1.299977730953946753e-01	6.516224837974405860e-08
1.301561138665218165e-01	6.515964895067811166e-08
1.303144546376489854e-01	6.515964895067811166e-08
1.304727954087761266e-01	6.515705569985092082e-08
1.306311361799032955e-01	6.515446247498272224e-08
1.307894769510304367e-01	6.515446247498272224e-08
1.309478177221576056e-01	6.515186304591674883e-08
1.311061584932847468e-01	6.515186304591674883e-08
1.312644992644119157e-01	6.514667659618036492e-08
1.314228400355390569e-01	6.514667659618036492e-08
1.315811808066662258e-01	6.514667659618036492e-08
1.317395215777933670e-01	6.514147773804845779e-08
1.318978623489205360e-01	6.514147773804845779e-08
1.320562031200476771e-01	6.513888451318024598e-08
1.322145438911748461e-01	6.513628508411428580e-08
1.323728846623019872e-01	6.513369183328710820e-08
1.325312254334291562e-01	6.513369183328710820e-08
1.326895662045563251e-01	6.513109860841889639e-08
1.328479069756834663e-01	6.512590595448475087e-08
1.330062477468106352e-01	6.512590595448475087e-08
1.331645885179377764e-01	6.512331270365756003e-08
1.333229292890649453e-01	6.512071330055059212e-08
1.334812700601920865e-01	6.511812004972340128e-08
1.336396108313192554e-01	6.511552062065744110e-08
1.337979516024463966e-01	6.511292739578924253e-08
1.339562923735735656e-01	6.511033417092105719e-08
1.341146331447007067e-01	6.510773474185508377e-08
1.342729739158278757e-01	6.510513531278913683e-08
1.344313146869550168e-01	6.510254208792092502e-08
1.345896554580821858e-01	6.509994265885497807e-08
1.347479962292093270e-01	6.509734940802778723e-08
1.349063370003364959e-01	6.509215675409362848e-08
1.350646777714636371e-01	6.508956352922542991e-08
1.352230185425908060e-01	6.508437087529127115e-08
1.353813593137179472e-01	6.508177762446409355e-08
1.355397000848451161e-01	6.507917819539813337e-08
1.356980408559722573e-01	6.507658497052993480e-08
1.358563816270994262e-01	6.507398554146398785e-08
1.360147223982265674e-01	6.507139231659577604e-08
1.361730631693537363e-01	6.506879288752981586e-08
1.363314039404808775e-01	6.506619966266161729e-08
1.364897447116080464e-01	6.506100700872745853e-08
1.366480854827351876e-01	6.505841375790028093e-08
1.368064262538623566e-01	6.505322110396612218e-08
1.369647670249894977e-01	6.505062787909792360e-08
1.371231077961166667e-01	6.504543519920477258e-08
1.372814485672438078e-01	6.504283579609780467e-08
1.374397893383709768e-01	6.504023636703184449e-08
1.375981301094981457e-01	6.503504989133645508e-08
1.377564708806252869e-01	6.503245046227050813e-08
1.379148116517524558e-01	6.502725780833634938e-08
1.380731524228795970e-01	6.502466458346815080e-08
1.382314931940067659e-01	6.502207133264095997e-08
1.383898339651339071e-01	6.501687867870680121e-08
1.385481747362610760e-01	6.501168602477264246e-08
1.387065155073882172e-01	6.500909277394546485e-08
1.388648562785153862e-01	6.500389394177252352e-08
1.390231970496425273e-01	6.499870746607714735e-08
1.391815378207696963e-01	6.499610803701118717e-08
1.393398785918968374e-01	6.499092158727479002e-08
1.394982193630240064e-01	6.498572890738165224e-08
1.396565601341511476e-01	6.498312950427467109e-08
1.398149009052783165e-01	6.497794302857928167e-08
1.399732416764054577e-01	6.497534359951333473e-08
1.401315824475326266e-01	6.497015094557917597e-08
1.402899232186597678e-01	6.496495829164501722e-08
1.404482639897869367e-01	6.496236504081783962e-08
1.406066047609140779e-01	6.495457916201546905e-08
1.407649455320412468e-01	6.495197973294950887e-08
1.409232863031683880e-01	6.494678707901536336e-08
1.410816270742955569e-01	6.494160060331997394e-08
1.412399678454226981e-01	6.493640174518805358e-08
1.413983086165498670e-01	6.493380852031985501e-08
1.415566493876770082e-01	6.492861586638570949e-08
1.417149901588041772e-01	6.492342321245153750e-08
1.418733309299313183e-01	6.492082996162435990e-08
1.420316717010584873e-01	6.491304408282200257e-08
1.421900124721856284e-01	6.490785140292885155e-08
1.423483532433127974e-01	6.490265874899469280e-08
1.425066940144399663e-01	6.490005931992874585e-08
1.426650347855671075e-01	6.489486666599458710e-08
1.428233755566942764e-01	6.488708078719222977e-08
1.429817163278214176e-01	6.488448753636503893e-08
1.431400570989485865e-01	6.487929488243088018e-08
1.432983978700757277e-01	6.487150279943077448e-08
1.434567386412028966e-01	6.486631632373537183e-08
1.436150794123300378e-01	6.486112366980123955e-08
1.437734201834572068e-01	6.485593101586708079e-08
1.439317609545843479e-01	6.485073836193290881e-08
1.440901017257115169e-01	6.484555188623751939e-08
1.442484424968386580e-01	6.484035923230337387e-08
1.444067832679658270e-01	6.483516037417145352e-08
1.445651240390929682e-01	6.482737449536910942e-08
1.447234648102201371e-01	6.482218801967370677e-08
1.448818055813472783e-01	6.481699536573954802e-08
1.450401463524744472e-01	6.481180268584641024e-08
1.451984871236015884e-01	6.480661003191225148e-08
1.453568278947287573e-01	6.479881794891213255e-08
1.455151686658558985e-01	6.479363147321675637e-08
1.456735094369830674e-01	6.478843881928259762e-08
1.458318502081102086e-01	6.478324616534843886e-08
1.459901909792373775e-01	6.477546028654608154e-08
1.461485317503645187e-01	6.477026760665293052e-08
1.463068725214916876e-01	6.476507495271877176e-08
1.464652132926188288e-01	6.475988229878462625e-08
1.466235540637459978e-01	6.475209639402327665e-08
1.467818948348731389e-01	6.474690374008911790e-08
1.469402356060003079e-01	6.473911786128677381e-08
1.470985763771274490e-01	6.473392518139362279e-08
1.472569171482546180e-01	6.472873252745946403e-08
1.474152579193817869e-01	6.472094664865710671e-08
1.475735986905089281e-01	6.471575399472294795e-08
1.477319394616360970e-01	6.470796808996161159e-08
1.478902802327632382e-01	6.470276923182969124e-08
1.480486210038904071e-01	6.469498335302733391e-08
1.482069617750175483e-01	6.468979069909317515e-08
1.483653025461447172e-01	6.468200479433183880e-08
1.485236433172718584e-01	6.467421888957048920e-08
1.486819840883990274e-01	6.466902623563633045e-08
1.488403248595261685e-01	6.466383358170218493e-08
1.489986656306533375e-01	6.465604767694083534e-08
1.491570064017804786e-01	6.465085502300667659e-08
1.493153471729076476e-01	6.464306914420433249e-08
1.494736879440347888e-01	6.463527706120420032e-08
1.496320287151619577e-01	6.463008440727005481e-08
1.497903694862890989e-01	6.462229850250870521e-08
1.499487102574162678e-01	6.461451259774736885e-08
1.501070510285434090e-01	6.460672671894501153e-08
1.502653917996705779e-01	6.460153406501085277e-08
1.504237325707977191e-01	6.459634138511770175e-08
1.505820733419248880e-01	6.458595607724938425e-08
1.507404141130520292e-01	6.458076960155399483e-08
1.508987548841791981e-01	6.457297751855388914e-08
1.510570956553063393e-01	6.456519163975153181e-08
1.512154364264335082e-01	6.455739955675142611e-08
1.513737771975606494e-01	6.455221308105602346e-08
1.515321179686878184e-01	6.454442717629468710e-08
1.516904587398149595e-01	6.453663509329456817e-08
1.518487995109421285e-01	6.453144243936042265e-08
1.520071402820692696e-01	6.452106330973087449e-08
1.521654810531964386e-01	6.451327122673075555e-08
1.523238218243236075e-01	6.450808477699435840e-08
1.524821625954507487e-01	6.450029887223302205e-08
1.526405033665779176e-01	6.449250678923290311e-08
1.527988441377050588e-01	6.448472088447155352e-08
1.529571849088322277e-01	6.447692880147144782e-08
1.531155256799593689e-01	6.446914292266909049e-08
1.532738664510865378e-01	6.446135083966898480e-08
1.534322072222136790e-01	6.445356493490763520e-08
1.535905479933408480e-01	6.444577905610527788e-08
1.537488887644679891e-01	6.443799315134392828e-08
1.539072295355951581e-01	6.443020106834380935e-08
1.540655703067222992e-01	6.442241518954145202e-08
1.542239110778494682e-01	6.441462928478011566e-08
1.543822518489766094e-01	6.440684338001877931e-08
1.545405926201037783e-01	6.439905750121640874e-08
1.546989333912309195e-01	6.439126541821630304e-08
1.548572741623580884e-01	6.438347951345495345e-08
1.550156149334852296e-01	6.437569363465259612e-08
1.551739557046123985e-01	6.436790155165249043e-08
1.553322964757395397e-01	6.436011564689114083e-08
1.554906372468667086e-01	6.434973033902282333e-08
1.556489780179938498e-01	6.434453768508867781e-08
1.558073187891210187e-01	6.433415855545911641e-08
1.559656595602481599e-01	6.432636647245901071e-08
1.561240003313753288e-01	6.431858056769767435e-08
1.562823411025024700e-01	6.430819525982935684e-08
1.564406818736296390e-01	6.430040935506800725e-08
1.565990226447567801e-01	6.429261727206790155e-08
1.567573634158839491e-01	6.428483139326554422e-08
1.569157041870110902e-01	6.427445226363599606e-08
1.570740449581382592e-01	6.426666635887464646e-08
1.572323857292654281e-01	6.425887427587454077e-08
1.573907265003925693e-01	6.425108837111319117e-08
1.575490672715197382e-01	6.424070306324488690e-08
1.577074080426468794e-01	6.423291715848355054e-08
1.578657488137740483e-01	6.422512507548343161e-08
1.580240895849011895e-01	6.421733919668106105e-08
1.581824303560283584e-01	6.420955329191973792e-08
1.583407711271554996e-01	6.419916798405140718e-08
1.584991118982826686e-01	6.418878267618308967e-08
1.586574526694098097e-01	6.418099677142174008e-08
1.588157934405369787e-01	6.417321086666040372e-08
1.589741342116641198e-01	6.416283173703086879e-08
1.591324749827912888e-01	6.415503967998974212e-08
