9.497279452206786737e-04	1.509066510422076978e-09
9.500446267629330437e-04	1.509066510422076978e-09
1.266726169017243914e-03	1.509066510422076978e-09
1.583407711271555109e-03	1.509066510422076978e-09
1.900089253525866087e-03	1.509066510422076978e-09
2.216770795780176849e-03	1.747144592210255137e-09
2.533452338034487827e-03	1.896659872957915963e-09
2.850133880288799239e-03	2.142492366689287480e-09
3.166815422543110218e-03	2.442006862819420302e-09
3.483496964797421196e-03	2.914829363866412993e-09
3.800178507051732175e-03	3.223392252173224187e-09
4.116860049306042720e-03	3.489619389651990810e-09
4.433541591560353698e-03	3.696170607651023052e-09
4.750223133814664676e-03	3.847505924394803259e-09
5.066904676068975655e-03	3.989706903503601769e-09
5.383586218323287501e-03	4.077646769833968887e-09
5.700267760577598479e-03	4.165920487597258214e-09
6.016949302831909457e-03	4.226976644923943702e-09
6.333630845086220436e-03	4.262770577689332018e-09
6.650312387340531414e-03	4.275038217585195596e-09
6.966993929594842393e-03	4.281156680205524011e-09
7.283675471849153371e-03	4.283271086515178999e-09
7.600357014103464350e-03	4.283886734627910393e-09
7.917038556357775328e-03	4.274914762819755500e-09
8.233720098612085439e-03	4.257326195766372423e-09
8.550401640866397285e-03	4.238505819829421367e-09
8.867083183120707396e-03	4.216447310531087656e-09
9.183764725375019242e-03	4.197768137797741280e-09
9.500446267629329353e-03	4.180866062752855097e-09
9.817127809883641198e-03	4.165227917506897421e-09
1.013380935213795131e-02	4.145146050914297913e-09
1.045049089439226316e-02	4.132052593917117692e-09
1.076717243664657500e-02	4.122699607934263618e-09
1.108385397890088511e-02	4.110636194431041487e-09
1.140053552115519696e-02	4.102380555275316876e-09
1.171721706340950707e-02	4.103310689808237553e-09
1.203389860566381891e-02	4.102719242513564894e-09
1.235058014791812903e-02	4.101808659022923663e-09
1.266726169017244087e-02	4.107333970682677356e-09
1.298394323242675098e-02	4.112293594674061123e-09
1.330062477468106283e-02	4.125353558042522332e-09
1.361730631693537294e-02	4.145818631571662145e-09
1.393398785918968479e-02	4.164807673307762068e-09
1.425066940144399490e-02	4.186194072475296346e-09
1.456735094369830674e-02	4.214317089938052489e-09
1.488403248595261685e-02	4.235806000274520610e-09
1.520071402820692870e-02	4.266378991033206647e-09
1.551739557046123881e-02	4.301818658702067764e-09
1.583407711271555066e-02	4.339240522730020525e-09
1.615075865496986077e-02	4.370894434118530280e-09
1.646744019722417088e-02	4.416838350287768393e-09
1.678412173947848446e-02	4.473660404302503194e-09
1.710080328173279457e-02	4.516694628770902037e-09
1.741748482398710468e-02	4.568130449748224586e-09
1.773416636624141479e-02	4.631427769386161462e-09
1.805084790849572837e-02	4.673503032237219253e-09
1.836752945075003848e-02	4.739180148264013225e-09
1.868421099300434859e-02	4.784025217683580243e-09
1.900089253525865871e-02	4.850186004159835203e-09
1.931757407751297229e-02	4.893447434106338200e-09
1.963425561976728240e-02	4.946832827596405418e-09
1.995093716202159251e-02	5.012128533349333303e-09
2.026761870427590262e-02	5.073035533422756981e-09
2.058430024653021620e-02	5.122026367831052304e-09
2.090098178878452631e-02	5.183075122832979891e-09
2.121766333103883642e-02	5.243551754217617643e-09
2.153434487329315000e-02	5.295205956466818526e-09
2.185102641554746011e-02	5.369882620813392088e-09
2.216770795780177022e-02	5.426212153199754519e-09
2.248438950005608034e-02	5.487234470960403573e-09
2.280107104231039392e-02	5.542317548515270761e-09
2.311775258456470403e-02	5.615491796812281425e-09
2.343443412681901414e-02	5.671285483739613542e-09
2.375111566907332425e-02	5.743106100250029020e-09
2.406779721132763783e-02	5.813792502773622632e-09
2.438447875358194794e-02	5.876933890198357136e-09
2.470116029583625805e-02	5.928041799003595076e-09
2.501784183809056816e-02	6.029505386191829757e-09
2.533452338034488174e-02	6.076324204853273027e-09
2.565120492259919185e-02	6.160831780314521554e-09
2.596788646485350197e-02	6.232159250620001940e-09
2.628456800710781208e-02	6.295335188093618115e-09
2.660124954936212566e-02	6.375389846742387591e-09
2.691793109161643577e-02	6.451898246872477545e-09
2.723461263387074588e-02	6.532235645396142703e-09
2.755129417612505599e-02	6.597812006617661006e-09
2.786797571837936957e-02	6.661753124787143929e-09
2.818465726063367968e-02	6.740571662849117297e-09
2.850133880288798979e-02	6.803712145941394622e-09
2.881802034514229990e-02	6.880049721799486787e-09
2.913470188739661348e-02	6.964635425198642297e-09
2.945138342965092360e-02	6.995380858648903449e-09
2.976806497190523371e-02	7.105220283095257742e-09
3.008474651415954382e-02	7.167819524496046023e-09
3.040142805641385740e-02	7.237574162154355284e-09
3.071810959866816751e-02	7.325153144482287021e-09
3.103479114092247762e-02	7.381287815579641584e-09
3.135147268317679120e-02	7.463364787390696186e-09
3.166815422543110131e-02	7.541742694100908198e-09
3.198483576768541142e-02	7.627947601708194521e-09
3.230151730993972153e-02	7.678587760975679800e-09
3.261819885219403165e-02	7.763892597243589104e-09
3.293488039444834176e-02	7.852708664765309437e-09
3.325156193670265881e-02	7.922171480848301976e-09
3.356824347895696892e-02	8.001094769309010618e-09
3.388492502121127903e-02	8.082973645853751577e-09
3.420160656346558914e-02	8.140189401744235645e-09
3.451828810571989925e-02	8.201759655206770989e-09
3.483496964797420936e-02	8.303403236148205816e-09
3.515165119022851947e-02	8.341334049081523287e-09
3.546833273248282958e-02	8.435374463472401655e-09
3.578501427473714663e-02	8.517369176278655037e-09
3.610169581699145674e-02	8.598653403850990757e-09
3.641837735924576686e-02	8.666275408312906830e-09
3.673505890150007697e-02	8.728777357113916331e-09
3.705174044375438708e-02	8.825002342732494899e-09
3.736842198600869719e-02	8.893091311317485086e-09
3.768510352826300730e-02	8.979881740869561738e-09
3.800178507051731741e-02	9.048556535095263082e-09
3.831846661277163446e-02	9.118240561897054933e-09
3.863514815502594457e-02	9.203363541290242112e-09
3.895182969728025468e-02	9.283012243355459220e-09
3.926851123953456479e-02	9.363538533652667434e-09
3.958519278178887491e-02	9.400818719163353851e-09
3.990187432404318502e-02	9.506023232385881227e-09
4.021855586629749513e-02	9.591430376979384426e-09
4.053523740855180524e-02	9.641099370068281295e-09
4.085191895080612229e-02	9.748948658853422777e-09
4.116860049306043240e-02	9.830590145842801701e-09
4.148528203531474251e-02	9.871194364331884581e-09
4.180196357756905262e-02	9.976696767933873616e-09
4.211864511982336273e-02	1.005107875442617026e-08
4.243532666207767284e-02	1.010689339410906440e-08
4.275200820433198295e-02	1.021060196282157668e-08
4.306868974658630000e-02	1.026150642653230055e-08
4.338537128884061012e-02	1.034402943731824932e-08
4.370205283109492023e-02	1.042116068934264908e-08
4.401873437334923034e-02	1.051509604127428699e-08
4.433541591560354045e-02	1.057241612626198250e-08
4.465209745785785056e-02	1.064968699923392377e-08
4.496877900011216067e-02	1.074124886566299323e-08
4.528546054236647078e-02	1.079636377871221711e-08
4.560214208462078783e-02	1.088878155271623592e-08
4.591882362687509794e-02	1.095957096530479009e-08
4.623550516912940805e-02	1.103884775364120676e-08
4.655218671138371817e-02	1.111247073634650306e-08
4.686886825363802828e-02	1.119744813378186085e-08
4.718554979589233839e-02	1.126985012498074319e-08
4.750223133814664850e-02	1.134353337112980250e-08
4.781891288040095861e-02	1.140988737923675558e-08
4.813559442265527566e-02	1.148812240893104361e-08
4.845227596490958577e-02	1.157899438197804611e-08
4.876895750716389588e-02	1.162701799814495278e-08
4.908563904941820599e-02	1.173697211605680374e-08
4.940232059167251610e-02	1.179175542387619326e-08
4.971900213392682621e-02	1.189959247658237109e-08
5.003568367618113633e-02	1.196413606876826817e-08
5.035236521843544644e-02	1.202954246520596666e-08
5.066904676068976349e-02	1.213031705307288275e-08
5.098572830294407360e-02	1.221623592806385831e-08
5.130240984519838371e-02	1.227639605703400303e-08
5.161909138745269382e-02	1.238570513687353241e-08
5.193577292970700393e-02	1.248206991822434199e-08
5.225245447196131404e-02	1.255194659782656641e-08
5.256913601421562415e-02	1.264183288143976077e-08
5.288581755646994120e-02	1.271190939489205468e-08
5.320249909872425131e-02	1.280502029915994452e-08
5.351918064097856143e-02	1.288738956530906748e-08
5.383586218323287154e-02	1.297828222613626478e-08
5.415254372548718165e-02	1.309585267268664636e-08
5.446922526774149176e-02	1.314984011978020185e-08
5.478590680999580187e-02	1.325995999986281683e-08
5.510258835225011198e-02	1.333193220691399719e-08
5.541926989450442903e-02	1.341623646261388488e-08
5.573595143675873914e-02	1.350457114027211506e-08
5.605263297901304925e-02	1.359356955705650916e-08
5.636931452126735936e-02	1.370046432054518220e-08
5.668599606352166947e-02	1.380310526357435402e-08
5.700267760577597959e-02	1.385922592326008004e-08
5.731935914803028970e-02	1.394671025674748285e-08
5.763604069028459981e-02	1.408652878553881761e-08
5.795272223253891686e-02	1.414707373444222035e-08
5.826940377479322697e-02	1.427073482407768812e-08
5.858608531704753708e-02	1.436754405770291540e-08
5.890276685930184719e-02	1.449093718962665420e-08
5.921944840155615730e-02	1.457353617551117542e-08
5.953612994381046741e-02	1.470240213333323863e-08
5.985281148606477752e-02	1.481024654697148162e-08
6.016949302831908764e-02	1.491323745731261710e-08
6.048617457057340469e-02	1.507010666575256325e-08
6.080285611282771480e-02	1.518499674053396488e-08
6.111953765508202491e-02	1.537183099429437879e-08
6.143621919733633502e-02	1.552171675695775676e-08
6.175290073959064513e-02	1.564054864218670682e-08
6.206958228184495524e-02	1.570944254231913819e-08
6.238626382409926535e-02	1.577857689753850671e-08
6.270294536635358240e-02	1.587559590106714033e-08
6.301962690860789251e-02	1.594600681686247863e-08
6.333630845086220262e-02	1.602683997952786264e-08
6.365298999311651273e-02	1.613319408648296909e-08
6.396967153537082285e-02	1.620969123820707716e-08
6.428635307762513296e-02	1.634065265680056929e-08
6.460303461987944307e-02	1.647791185372091274e-08
6.491971616213375318e-02	1.660221180453463064e-08
6.523639770438806329e-02	1.682741229842583870e-08
6.555307924664237340e-02	1.700644399542622008e-08
6.586976078889668351e-02	1.703892594413291707e-08
6.618644233115099362e-02	1.708639312911495051e-08
6.650312387340531761e-02	1.713208912879282810e-08
6.681980541565962772e-02	1.717414939553217924e-08
6.713648695791393783e-02	1.721379044531582312e-08
6.745316850016824795e-02	1.726659746157147253e-08
6.776985004242255806e-02	1.731889939199972960e-08
6.808653158467686817e-02	1.736889100308510564e-08
6.840321312693117828e-02	1.742099374206799780e-08
6.871989466918548839e-02	1.746191111560142135e-08
6.903657621143979850e-02	1.751848476926130747e-08
6.935325775369410861e-02	1.755029045434132751e-08
