9.497279452206786737e-04	3.966533127730100218e-09
9.500446267629330437e-04	3.966533127730100218e-09
3.242818992684144697e-03	3.966533127730100218e-09
4.173862726911819337e-03	3.966533127730100218e-09
5.567261512830787816e-03	3.792607918595338169e-09
7.426182165863592748e-03	3.961341330442495949e-09
8.588403425936913874e-03	3.961341330442495949e-09
9.750624686010235867e-03	4.477925160559177001e-09
1.068166842023791051e-02	4.130074742289652902e-09
1.161271215446558515e-02	4.130074742289652902e-09
1.277176659911636279e-02	4.820583781541096831e-09
1.369964351792149482e-02	4.991913092032056746e-09
1.416516538503533214e-02	4.989317193388254611e-09
1.486186477799481508e-02	5.508496922148738626e-09
1.509304230384046243e-02	5.853751441774460590e-09
1.602091922264559445e-02	6.196410062756380420e-09
1.671761861560507739e-02	6.541664582382102385e-09
1.764549553441020768e-02	7.232173621633547141e-09
1.857337245321534144e-02	7.748757451750228194e-09
1.950441618744301608e-02	8.265341281866910073e-09
2.020111558040249902e-02	8.436670592357870815e-09
2.089781497336198196e-02	8.781925111983591953e-09
2.159134755089892402e-02	9.124583732965511783e-09
2.228804694385840696e-02	9.643763461725996624e-09
2.321909067808608160e-02	9.986422082707916454e-09
2.460932264858250659e-02	1.067693112195936038e-08
2.600272143450147594e-02	1.101958974294128021e-08
2.669942082746096235e-02	1.136484426256700135e-08
2.716494269457479793e-02	1.171009878219272414e-08
2.809281961337992822e-02	1.205275740317464397e-08
2.878951900633941463e-02	1.239801192280036511e-08
2.925504087345325022e-02	1.274326644242608790e-08
3.018291779225838051e-02	1.308592506340800773e-08
3.087961718521786691e-02	1.360510479216849257e-08
3.203867162986864109e-02	1.412168862228517445e-08
3.273537102282812750e-02	1.429301793277613354e-08
3.320089288994196308e-02	1.463827245240185302e-08
3.412876980874710031e-02	1.480960176289281542e-08
3.482546920170657978e-02	1.498093107338377285e-08
3.529099106882041537e-02	1.515226038387473525e-08
3.598769046177990177e-02	1.549751490350045639e-08
3.714991172185322377e-02	1.584017352448237787e-08
3.784344429939016236e-02	1.635935325324286106e-08
3.830896616650400488e-02	1.635675735459905810e-08
3.923684308530913517e-02	1.670201187422478254e-08
4.086458621249629275e-02	1.687334118471574163e-08
4.202680747256961474e-02	1.721599980569765981e-08
4.272350686552910115e-02	1.721599980569765981e-08
4.411690565144806703e-02	1.755865842667958129e-08
4.527912691152138902e-02	1.807524225679626152e-08
4.597582630448086849e-02	1.824916746593102357e-08
4.736922509039984130e-02	1.876315539740390414e-08
4.853144635047316330e-02	1.876315539740390414e-08
5.015602266223778000e-02	1.927973922752058436e-08
5.085272205519725947e-02	1.979632305763726790e-08
5.271164270823006787e-02	2.013898167861918607e-08
5.387386396830338986e-02	2.031031098911014847e-08
5.480174088710852015e-02	2.065556550873586961e-08
5.619513967302748603e-02	2.099822412971778778e-08
5.735736093310080802e-02	2.116955344020875018e-08
5.828523785190593831e-02	2.151480795983447132e-08
6.014415850493874671e-02	2.202879589130734858e-08
6.153755729085771259e-02	2.237405041093307303e-08
6.246860102508539070e-02	2.237145451228927006e-08
6.339647794389051405e-02	2.254278382278022915e-08
6.339964475931306187e-02	2.254278382278022915e-08
6.455869920396384298e-02	2.288803834240595029e-08
6.688314172411048697e-02	2.340202627387883086e-08
6.827654051002944591e-02	2.374728079350455200e-08
6.990111682179406261e-02	2.443519393411219462e-08
7.129768242313558324e-02	2.443259803546839166e-08
7.315660307616839164e-02	2.477785255509411610e-08
7.408447999497351499e-02	2.494918186558507519e-08
7.524670125504684393e-02	2.494658596694127223e-08
7.687444438223399457e-02	2.511791527743223132e-08
7.780232130103913180e-02	2.528924458792319041e-08
7.896454256111244685e-02	2.546057389841415280e-08
8.035794134703141967e-02	2.580323251939607098e-08
8.128898508125909084e-02	2.614848703902179873e-08
8.314790573429189924e-02	2.649114566000371360e-08
8.477248204605651594e-02	2.666247497049466938e-08
8.523800391317035152e-02	2.666247497049466938e-08
8.663140269908932434e-02	2.717905880061135622e-08
8.802796830043083109e-02	2.717646290196755326e-08
8.965571142761799561e-02	2.700253769283279121e-08
9.011806647930928338e-02	2.699994179418898825e-08
9.081476587226876285e-02	2.717386700332375030e-08
9.267368652530157125e-02	2.768785493479663087e-08
9.546365091256205082e-02	2.785658834664378700e-08
9.662587217263537975e-02	2.802791765713474939e-08
9.778809343270869481e-02	2.837317217676046722e-08
9.918149221862766762e-02	2.871583079774238870e-08
1.005748910045466266e-01	2.906108531736810984e-08
1.012715903975061199e-01	2.905848941872430688e-08
1.026681559988476267e-01	2.905848941872430688e-08
1.040615547847665995e-01	2.922981872921526266e-08
1.063859973049132435e-01	2.939855214106242540e-08
1.073138742237183668e-01	2.939855214106242540e-08
1.094071392180193669e-01	2.956728555290958153e-08
1.117315817381660109e-01	2.990994417389149970e-08
1.131249805240849837e-01	3.008127348438246210e-08
1.154494230442316138e-01	3.042393210536438028e-08
1.161461224371911072e-01	3.042393210536438028e-08
1.175395212231100661e-01	3.059266551721154302e-08
1.189360868244515868e-01	3.076399482770249880e-08
1.203294856103705596e-01	3.093532413819346120e-08
1.212573625291756829e-01	3.110665344868441697e-08
1.217228843962895185e-01	3.110665344868441697e-08
1.231194499976310391e-01	3.110405755004061732e-08
1.245128487835499981e-01	3.127538686053157972e-08
1.266029469624284642e-01	3.161804548151349789e-08
1.273028131708104915e-01	3.161804548151349789e-08
1.284618676154612726e-01	3.178937479200445367e-08
1.300896107426484094e-01	3.196070410249541607e-08
1.312518320027217522e-01	3.230336272347733424e-08
1.319485313956812178e-01	3.230336272347733424e-08
1.335762745228683823e-01	3.247469203396829002e-08
1.347384957829416974e-01	3.247209613532449037e-08
