9.497279452206786737e-04	6.193814164112578286e-09
9.500446267629330437e-04	6.193814164112578286e-09
3.939518385643628502e-03	6.193814164112578286e-09
4.870562119871303143e-03	6.191218265468775324e-09
6.501472062481005072e-03	6.186026468181171054e-09
8.363559530936353487e-03	6.354759880028328007e-09
9.528947606432218095e-03	6.523493291875486615e-09
1.069116886650554009e-02	6.520897393231681999e-09
1.255325633496088764e-02	7.206214635195522486e-09
1.348430006918856228e-02	7.548873256177441488e-09
1.464652132926188427e-02	7.888935978515560011e-09
1.580874258933520626e-02	8.231594599497479841e-09
1.697096384940852826e-02	8.919507740105120808e-09
1.790200758363619943e-02	9.433495671577999726e-09
1.929540636955516877e-02	1.029014222403280013e-08
2.022645010378284341e-02	1.063280084501471830e-08
2.069197197089668247e-02	1.114938467513140184e-08
2.161984888970181276e-02	1.149204329611332001e-08
2.255089262392948740e-02	1.183470191709523984e-08
2.371311388400280940e-02	1.286527367868480229e-08
2.510651266992177527e-02	1.355059092064864030e-08
2.626873392999509726e-02	1.440983337174724201e-08
2.766529953133661096e-02	1.526647992420203910e-08
2.859317645014174125e-02	1.612572237530064412e-08
2.975539771021506324e-02	1.698496482639924583e-08
3.091761897028838177e-02	1.767028206836308549e-08
3.231101775620735111e-02	1.835819520897072811e-08
3.347323901628067311e-02	1.887218314044360538e-08
3.486980461762218680e-02	1.990275490203316617e-08
3.603202587769550880e-02	2.041674283350604674e-08
3.695990279650063909e-02	2.110206007546988640e-08
3.812212405657396108e-02	2.196130252656848811e-08
3.928434531664728308e-02	2.247529045804136538e-08
4.044656657672060507e-02	2.333453290913996709e-08
4.207430970390776265e-02	2.401985015110380675e-08
4.347087530524926940e-02	2.435991287344192527e-08
4.463309656532259140e-02	2.504782601404956789e-08
4.602966216666410509e-02	2.573314325601340755e-08
4.672636155962359150e-02	2.624713118748628812e-08
4.788858281969691350e-02	2.641846049797724390e-08
4.975067028815225584e-02	2.692985253080632482e-08
5.091289154822557783e-02	2.744384046227919878e-08
5.230945714956709153e-02	2.795782839375208266e-08
5.347167840964041352e-02	2.864314563571591901e-08
5.486824401098192722e-02	2.898580425669784049e-08
5.649598713816908480e-02	2.949719628952692141e-08
5.812373026535624237e-02	3.035643874062551650e-08
6.044817278550288636e-02	3.103916008394555320e-08
6.231026025395823564e-02	3.137922280628367834e-08
6.370682585529974240e-02	3.206454004824751469e-08
6.533456898248690692e-02	3.257852797972038865e-08
6.696231210967405756e-02	3.308992001254946956e-08
6.905557710397505766e-02	3.394656656500427493e-08
7.138318643954424947e-02	3.445795859783334261e-08
7.207988583250372894e-02	3.514587173844099185e-08
7.370762895969089346e-02	3.565985966991386581e-08
7.556971642814623580e-02	3.599992239225198433e-08
7.650076016237390697e-02	3.634258101323389589e-08
7.789732576371542760e-02	3.651131442508106525e-08
8.022176828386205771e-02	3.753929028802681978e-08
8.231503327816305782e-02	3.856726615097258092e-08
8.394594322077275628e-02	3.873599956281973705e-08
8.557368634795992079e-02	3.907606228515785557e-08
8.697025194930142755e-02	3.941612500749596747e-08
8.836365073522040037e-02	3.993011293896884805e-08
8.976021633656190712e-02	4.061543018093269101e-08
9.139112627917161946e-02	4.044150497179792896e-08
9.255334753924493452e-02	4.112682221376176532e-08
9.348439127347260569e-02	4.164081014523464589e-08
9.511213440065977021e-02	4.215479807670752646e-08
9.650870000200127696e-02	4.232353148855468259e-08
9.813644312918844148e-02	4.249226490040183871e-08
9.929866438926175654e-02	4.300625283187471928e-08
1.004640524647576194e-01	4.334631555421283781e-08
1.016262737248309483e-01	4.386030348568571838e-08
1.030228393261724551e-01	4.420296210666763655e-08
1.041850605862457840e-01	4.454562072764955473e-08
1.053472818463190991e-01	4.488568344998767325e-08
1.072093693147744414e-01	4.522574617232579177e-08
1.088402792573841538e-01	4.573973410379867235e-08
1.106991999104169483e-01	4.607979682613678425e-08
1.125612873788723045e-01	4.659118885896586517e-08
1.148888967144414963e-01	4.693125158130398369e-08
1.162854623157830031e-01	4.727131430364209560e-08
1.179163722583927015e-01	4.726871840499829594e-08
1.197752929114255099e-01	4.795403564696213229e-08
1.214030360386126606e-01	4.863675699028216899e-08
1.234994678483362085e-01	4.880549040212933174e-08
1.246616891084095236e-01	4.931947833360221231e-08
1.258270771839054003e-01	4.931688243495840604e-08
1.274548203110925371e-01	4.948561584680556216e-08
1.293169077795479072e-01	4.965175336000891864e-08
1.307134733808894000e-01	5.016574129148179921e-08
1.321100389822309207e-01	5.033447470332895533e-08
1.328067383751904140e-01	5.067713332431087351e-08
1.346719926590682903e-01	5.084586673615803625e-08
1.360685582604098109e-01	5.101460014800519238e-08
